mongo disaster --eval "var input_date = ISODate('2020-09-18T21:00:00Z');" q1.js 
[-124.3,40.4]: 1
[-124.3,40.6]: 1
[-124.3,40.7]: 10
[-124.3,41.7]: 1
[-124.2,40.4]: 1
[-124.2,40.5]: 1
[-124.2,40.6]: 1
[-124.2,40.7]: 16
[-124.2,40.9]: 1
[-124.2,41]: 1
[-124.2,41.5]: 1
[-124.2,41.7]: 1
[-124.2,41.8]: 40
[-124.1,40]: 1
[-124.1,40.4]: 2
[-124.1,40.6]: 2
[-124.1,40.8]: 33
[-124.1,40.9]: 9
[-124.1,41]: 3
[-124.1,41.9]: 1
[-124,40.1]: 1
[-124,40.9]: 1
[-124,41.2]: 1
[-124,41.4]: 1
[-124,41.6]: 1
[-124,41.8]: 1
[-123.9,39.4]: 1
[-123.9,40.1]: 1
[-123.9,40.8]: 1
[-123.9,41.4]: 1
[-123.9,41.8]: 1
[-123.8,39.3]: 1
[-123.8,39.4]: 1
[-123.8,39.5]: 2
[-123.8,40.1]: 1
[-123.8,41.1]: 1
[-123.7,39]: 1
[-123.7,39.4]: 1
[-123.7,39.6]: 1
[-123.7,41]: 1
[-123.7,41.1]: 1
[-123.7,41.4]: 1
[-123.7,41.5]: 1
[-123.6,38.7]: 1
[-123.6,40.4]: 2
[-123.6,41.9]: 1
[-123.5,39.3]: 1
[-123.5,39.5]: 1
[-123.5,39.7]: 1
[-123.5,40.3]: 1
[-123.4,39.3]: 1
[-123.4,39.4]: 2
[-123.4,39.9]: 1
[-123.4,40.5]: 1
[-123.3,38.7]: 1
[-123.3,39.1]: 10
[-123.3,39.2]: 3
[-123.3,39.4]: 1
[-123.3,39.6]: 1
[-123.3,39.7]: 1
[-123.3,39.8]: 1
[-123.2,38.6]: 1
[-123.2,38.9]: 1
[-123.2,39]: 1
[-123.2,39.2]: 1
[-123.2,39.6]: 1
[-123.2,41.8]: 1
[-123.1,38.4]: 1
[-123.1,38.7]: 2
[-123.1,38.8]: 1
[-123.1,40.2]: 1
[-123,38.3]: 1
[-123,38.6]: 2
[-123,38.7]: 1
[-123,38.8]: 1
[-123,41.5]: 3
[-122.9,38.4]: 2
[-122.9,38.5]: 17
[-122.9,38.6]: 1
[-122.9,38.8]: 1
[-122.9,38.9]: 1
[-122.9,39]: 1
[-122.9,39.1]: 1
[-122.9,39.5]: 1
[-122.9,40.6]: 1
[-122.9,40.7]: 1
[-122.8,37.9]: 1
[-122.8,38.3]: 19
[-122.8,38.4]: 140
[-122.8,38.5]: 6
[-122.8,38.8]: 3
[-122.8,39.1]: 1
[-122.8,39.4]: 1
[-122.7,38.1]: 1
[-122.7,38.2]: 24
[-122.7,38.3]: 64
[-122.7,38.4]: 23
[-122.7,38.5]: 1
[-122.7,38.7]: 1
[-122.7,38.8]: 1
[-122.7,39]: 2
[-122.7,41.2]: 1
[-122.7,41.3]: 1
[-122.7,41.7]: 1
[-122.7,41.9]: 1
[-122.6,37.7]: 2
[-122.6,37.8]: 21
[-122.6,37.9]: 97
[-122.6,38]: 100
[-122.6,38.1]: 21
[-122.6,38.2]: 10
[-122.6,38.3]: 1
[-122.6,38.4]: 1
[-122.6,38.9]: 1
[-122.6,39]: 1
[-122.6,39.3]: 3
[-122.6,40.1]: 1
[-122.6,40.3]: 1
[-122.6,41.8]: 1
[-122.5,37.4]: 11
[-122.5,37.5]: 5
[-122.5,37.6]: 215
[-122.5,37.7]: 436
[-122.5,37.8]: 22
[-122.5,37.9]: 64
[-122.5,38]: 4
[-122.5,38.1]: 1
[-122.5,38.2]: 1
[-122.5,38.3]: 1
[-122.5,38.5]: 2
[-122.5,40.4]: 1
[-122.5,40.5]: 2
[-122.5,40.6]: 6
[-122.5,40.9]: 1
[-122.4,37.5]: 23
[-122.4,37.7]: 92
[-122.4,37.8]: 55
[-122.4,37.9]: 103
[-122.4,38]: 5
[-122.4,38.2]: 32
[-122.4,38.3]: 11
[-122.4,38.9]: 1
[-122.4,39.6]: 1
[-122.4,39.8]: 1
[-122.4,39.9]: 1
[-122.4,40]: 1
[-122.4,40.3]: 11
[-122.4,40.4]: 1
[-122.4,40.5]: 23
[-122.4,40.6]: 28
[-122.4,41]: 1
[-122.4,41.3]: 1
[-122.4,41.4]: 1
[-122.3,37.1]: 1
[-122.3,37.4]: 33
[-122.3,37.5]: 142
[-122.3,37.7]: 124
[-122.3,37.8]: 181
[-122.3,37.9]: 31
[-122.3,38]: 63
[-122.3,38.1]: 36
[-122.3,38.2]: 21
[-122.3,38.3]: 10
[-122.3,39.3]: 1
[-122.3,39.9]: 1
[-122.3,40.1]: 1
[-122.3,40.2]: 1
[-122.3,40.3]: 9
[-122.3,40.4]: 3
[-122.3,40.7]: 1
[-122.3,41.2]: 1
[-122.2,37.1]: 1
[-122.2,37.3]: 12
[-122.2,37.4]: 185
[-122.2,37.6]: 104
[-122.2,37.7]: 104
[-122.2,37.8]: 62
[-122.2,37.9]: 8
[-122.2,38]: 47
[-122.2,38.2]: 1
[-122.2,38.4]: 1
[-122.2,39.2]: 1
[-122.2,39.3]: 1
[-122.2,39.7]: 1
[-122.2,39.9]: 1
[-122.2,40.3]: 12
[-122.2,40.5]: 1
[-122.2,40.6]: 1
[-122.2,41.5]: 1
[-122.2,41.7]: 1
[-122.2,41.8]: 1
[-122.1,36.9]: 4
[-122.1,37]: 24
[-122.1,37.1]: 2
[-122.1,37.2]: 30
[-122.1,37.3]: 345
[-122.1,37.4]: 22
[-122.1,37.5]: 209
[-122.1,37.6]: 276
[-122.1,37.7]: 34
[-122.1,37.8]: 67
[-122.1,37.9]: 257
[-122.1,38]: 1
[-122.1,38.1]: 1
[-122.1,38.2]: 56
[-122.1,38.3]: 10
[-122.1,38.4]: 1
[-122.1,38.6]: 3
[-122.1,39]: 1
[-122.1,39.3]: 1
[-122.1,39.7]: 2
[-122.1,39.9]: 1
[-122,36.5]: 13
[-122,36.6]: 19
[-122,36.9]: 32
[-122,37]: 8
[-122,37.1]: 2
[-122,37.2]: 150
[-122,37.3]: 393
[-122,37.4]: 208
[-122,37.5]: 231
[-122,37.6]: 1
[-122,37.7]: 120
[-122,37.8]: 99
[-122,37.9]: 22
[-122,38]: 34
[-122,38.2]: 13
[-122,38.3]: 146
[-122,38.5]: 10
[-122,38.6]: 1
[-122,38.8]: 1
[-122,40.2]: 3
[-122,40.9]: 1
[-122,41]: 1
[-122,41.9]: 2
[-121.9,36.6]: 36
[-121.9,36.9]: 1
[-121.9,37.2]: 364
[-121.9,37.3]: 521
[-121.9,37.4]: 67
[-121.9,37.6]: 55
[-121.9,37.7]: 151
[-121.9,37.8]: 20
[-121.9,37.9]: 18
[-121.9,38]: 22
[-121.9,38.1]: 1
[-121.9,38.2]: 1
[-121.9,38.3]: 1
[-121.9,38.4]: 2
[-121.9,39.3]: 2
[-121.9,39.6]: 2
[-121.9,39.7]: 147
[-121.9,40.2]: 1
[-121.9,41.9]: 1
[-121.8,36.4]: 5
[-121.8,36.5]: 11
[-121.8,36.6]: 76
[-121.8,36.8]: 14
[-121.8,36.9]: 36
[-121.8,37]: 3
[-121.8,37.1]: 1
[-121.8,37.2]: 103
[-121.8,37.3]: 25
[-121.8,37.6]: 5
[-121.8,37.7]: 10
[-121.8,37.8]: 3
[-121.8,37.9]: 22
[-121.8,38]: 11
[-121.8,38.4]: 1
[-121.8,38.5]: 265
[-121.8,38.6]: 82
[-121.8,38.8]: 1
[-121.8,39.2]: 1
[-121.8,39.3]: 1
[-121.8,39.7]: 13
[-121.8,41]: 1
[-121.8,41.1]: 1
[-121.8,41.2]: 1
[-121.7,36.5]: 11
[-121.7,36.6]: 257
[-121.7,36.7]: 135
[-121.7,36.8]: 18
[-121.7,37]: 17
[-121.7,37.1]: 13
[-121.7,37.6]: 1
[-121.7,37.8]: 12
[-121.7,37.9]: 14
[-121.7,38]: 1
[-121.7,38.5]: 6
[-121.7,39]: 1
[-121.7,39.1]: 57
[-121.7,39.3]: 3
[-121.7,39.4]: 1
[-121.7,39.6]: 1
[-121.7,39.7]: 1
[-121.7,40.8]: 1
[-121.6,36.7]: 1
[-121.6,36.9]: 10
[-121.6,37]: 32
[-121.6,37.1]: 20
[-121.6,37.7]: 1
[-121.6,37.8]: 1
[-121.6,37.9]: 1
[-121.6,38.4]: 12
[-121.6,38.5]: 105
[-121.6,38.6]: 82
[-121.6,39]: 1
[-121.6,39.1]: 21
[-121.6,39.5]: 13
[-121.6,39.6]: 1
[-121.6,39.8]: 1
[-121.6,39.9]: 1
[-121.6,40.7]: 1
[-121.6,40.9]: 1
[-121.5,36.4]: 1
[-121.5,36.5]: 11
[-121.5,36.7]: 1
[-121.5,37]: 1
[-121.5,37.2]: 1
[-121.5,37.6]: 10
[-121.5,37.7]: 53
[-121.5,37.9]: 1
[-121.5,38]: 1
[-121.5,38.2]: 8
[-121.5,38.3]: 13
[-121.5,38.4]: 143
[-121.5,38.5]: 260
[-121.5,38.6]: 78
[-121.5,39]: 5
[-121.5,39.4]: 2
[-121.5,39.6]: 1
[-121.5,39.7]: 1
[-121.5,40.1]: 1
[-121.5,40.7]: 1
[-121.5,41.5]: 1
[-121.5,41.7]: 1
[-121.5,41.9]: 1
[-121.4,36.4]: 121
[-121.4,36.7]: 1
[-121.4,36.8]: 11
[-121.4,36.9]: 1
[-121.4,37.7]: 51
[-121.4,37.8]: 10
[-121.4,37.9]: 143
[-121.4,38]: 122
[-121.4,38.3]: 10
[-121.4,38.4]: 44
[-121.4,38.5]: 113
[-121.4,38.6]: 116
[-121.4,38.7]: 117
[-121.4,38.8]: 101
[-121.4,39.4]: 2
[-121.4,39.5]: 1
[-121.4,39.6]: 2
[-121.4,40.5]: 1
[-121.4,41.8]: 1
[-121.3,36.3]: 1
[-121.3,36.6]: 1
[-121.3,36.7]: 1
[-121.3,37.7]: 24
[-121.3,37.8]: 50
[-121.3,37.9]: 29
[-121.3,38]: 29
[-121.3,38.1]: 5
[-121.3,38.3]: 1
[-121.3,38.5]: 53
[-121.3,38.6]: 131
[-121.3,38.7]: 140
[-121.3,38.8]: 120
[-121.3,39]: 1
[-121.3,39.1]: 1
[-121.3,40.2]: 2
[-121.3,40.3]: 1
[-121.3,40.7]: 1
[-121.3,41.2]: 1
[-121.2,36.2]: 22
[-121.2,37.4]: 3
[-121.2,37.7]: 6
[-121.2,37.8]: 15
[-121.2,37.9]: 7
[-121.2,38]: 13
[-121.2,38.6]: 208
[-121.2,38.7]: 12
[-121.2,38.8]: 4
[-121.2,38.9]: 32
[-121.2,39.1]: 9
[-121.2,39.2]: 2
[-121.2,39.6]: 1
[-121.2,40.5]: 1
[-121.2,40.7]: 1
[-121.1,35.5]: 3
[-121.1,35.8]: 1
[-121.1,36.1]: 1
[-121.1,37.3]: 2
[-121.1,37.5]: 1
[-121.1,37.6]: 29
[-121.1,37.7]: 4
[-121.1,37.9]: 1
[-121.1,38.2]: 1
[-121.1,38.4]: 6
[-121.1,38.5]: 5
[-121.1,38.6]: 31
[-121.1,38.7]: 8
[-121.1,38.8]: 3
[-121.1,38.9]: 1
[-121.1,39.1]: 2
[-121.1,39.2]: 13
[-121.1,39.7]: 1
[-121.1,39.8]: 1
[-121.1,40.3]: 1
[-121.1,40.4]: 1
[-121.1,40.5]: 1
[-121.1,40.7]: 1
[-121.1,41.1]: 1
[-121,37.2]: 1
[-121,37.3]: 1
[-121,37.5]: 32
[-121,37.6]: 97
[-121,37.7]: 1
[-121,37.8]: 1
[-121,38.1]: 1
[-121,38.2]: 1
[-121,38.3]: 60
[-121,38.5]: 1
[-121,38.6]: 2
[-121,39.1]: 1
[-121,39.3]: 1
[-121,39.9]: 1
[-121,40.2]: 1
[-121,41.2]: 1
[-121,41.5]: 1
[-120.9,35.2]: 4
[-120.9,35.3]: 20
[-120.9,35.5]: 1
[-120.9,35.8]: 1
[-120.9,35.9]: 2
[-120.9,36.8]: 1
[-120.9,37]: 21
[-120.9,37.3]: 2
[-120.9,37.4]: 2
[-120.9,37.5]: 41
[-120.9,37.6]: 1
[-120.9,37.7]: 1
[-120.9,38.1]: 3
[-120.9,38.5]: 6
[-120.9,38.6]: 6
[-120.9,38.7]: 1
[-120.9,38.8]: 1
[-120.9,38.9]: 1
[-120.9,39.5]: 1
[-120.9,40.5]: 1
[-120.9,40.6]: 1
[-120.9,40.9]: 1
[-120.9,41.3]: 1
[-120.8,35.1]: 1
[-120.8,35.2]: 6
[-120.8,35.4]: 1
[-120.8,35.5]: 1
[-120.8,35.7]: 1
[-120.8,36.1]: 1
[-120.8,36.9]: 1
[-120.8,37.2]: 2
[-120.8,37.5]: 1
[-120.8,38.3]: 1
[-120.8,38.4]: 1
[-120.8,38.5]: 1
[-120.8,38.7]: 1
[-120.8,39.3]: 1
[-120.8,40.1]: 1
[-120.8,40.2]: 2
[-120.8,40.4]: 1
[-120.8,40.6]: 1
[-120.8,40.9]: 1
[-120.7,34.7]: 1
[-120.7,35.1]: 3
[-120.7,35.2]: 68
[-120.7,35.3]: 148
[-120.7,35.4]: 11
[-120.7,35.6]: 15
[-120.7,36.6]: 1
[-120.7,37.9]: 1
[-120.7,38.3]: 1
[-120.7,38.8]: 1
[-120.7,38.9]: 1
[-120.7,39.3]: 1
[-120.7,39.7]: 1
[-120.7,40.3]: 1
[-120.7,40.8]: 1
[-120.7,41.9]: 1
[-120.6,34.6]: 29
[-120.6,34.9]: 20
[-120.6,35]: 3
[-120.6,35.1]: 2
[-120.6,35.4]: 1
[-120.6,36.6]: 2
[-120.6,37.3]: 52
[-120.6,37.4]: 1
[-120.6,37.8]: 41
[-120.6,37.9]: 2
[-120.6,38.1]: 1
[-120.6,38.7]: 2
[-120.6,38.8]: 1
[-120.6,39.3]: 3
[-120.6,39.9]: 1
[-120.6,40.2]: 1
[-120.6,40.3]: 7
[-120.6,40.4]: 85
[-120.6,40.5]: 1
[-120.6,40.9]: 1
[-120.6,41]: 1
[-120.6,41.4]: 1
[-120.6,41.5]: 1
[-120.5,34.6]: 42
[-120.5,34.8]: 13
[-120.5,34.9]: 43
[-120.5,35]: 1
[-120.5,35.6]: 1
[-120.5,36.5]: 1
[-120.5,36.8]: 10
[-120.5,37.2]: 80
[-120.5,37.3]: 74
[-120.5,37.9]: 1
[-120.5,38.1]: 2
[-120.5,38.2]: 1
[-120.5,38.4]: 1
[-120.5,38.9]: 1
[-120.5,39]: 1
[-120.5,39.3]: 1
[-120.5,39.8]: 3
[-120.5,41.1]: 1
[-120.4,35.4]: 1
[-120.4,35.5]: 1
[-120.4,35.6]: 1
[-120.4,36.1]: 1
[-120.4,36.2]: 4
[-120.4,36.7]: 21
[-120.4,36.9]: 1
[-120.4,37]: 2
[-120.4,37.6]: 1
[-120.4,37.8]: 1
[-120.4,38.2]: 1
[-120.4,38.5]: 1
[-120.4,39.2]: 1
[-120.4,40.2]: 1
[-120.4,40.3]: 1
[-120.3,34.7]: 1
[-120.3,34.8]: 1
[-120.3,36.1]: 80
[-120.3,36.3]: 1
[-120.3,36.5]: 1
[-120.3,37]: 1
[-120.3,37.1]: 23
[-120.3,37.8]: 1
[-120.3,38]: 1
[-120.3,38.3]: 1
[-120.3,38.8]: 1
[-120.3,39.3]: 1
[-120.3,39.5]: 1
[-120.3,39.6]: 1
[-120.3,41.8]: 1
[-120.2,34.5]: 1
[-120.2,34.6]: 1
[-120.2,34.7]: 1
[-120.2,34.9]: 1
[-120.2,35.6]: 1
[-120.2,35.9]: 90
[-120.2,36]: 3
[-120.2,36.5]: 1
[-120.2,36.9]: 4
[-120.2,37]: 69
[-120.2,37.1]: 43
[-120.2,37.7]: 1
[-120.2,38]: 1
[-120.2,39.3]: 1
[-120.2,39.6]: 2
[-120.2,39.8]: 1
[-120.2,40.1]: 11
[-120.1,34.4]: 2
[-120.1,34.6]: 1
[-120.1,35.2]: 1
[-120.1,35.6]: 1
[-120.1,36]: 2
[-120.1,36.1]: 2
[-120.1,36.2]: 10
[-120.1,36.3]: 1
[-120.1,36.4]: 1
[-120.1,36.7]: 2
[-120.1,36.8]: 1
[-120.1,36.9]: 99
[-120.1,37]: 2
[-120.1,37.4]: 1
[-120.1,38.2]: 1
[-120.1,38.8]: 1
[-120.1,38.9]: 12
[-120.1,39.2]: 10
[-120,35.3]: 1
[-120,35.9]: 1
[-120,36.7]: 1
[-120,36.8]: 1
[-120,37]: 1
[-120,37.4]: 1
[-120,38.9]: 2
[-119.9,34.4]: 171
[-119.9,35]: 1
[-119.9,35.8]: 1
[-119.9,36.1]: 1
[-119.9,36.2]: 23
[-119.9,36.3]: 4
[-119.9,36.7]: 140
[-119.9,36.8]: 82
[-119.9,37.5]: 1
[-119.9,38.2]: 1
[-119.8,34.4]: 92
[-119.8,34.5]: 1
[-119.8,36.2]: 1
[-119.8,36.3]: 12
[-119.8,36.6]: 5
[-119.8,36.7]: 260
[-119.8,36.8]: 294
[-119.7,34.4]: 44
[-119.7,35.3]: 3
[-119.7,35.5]: 2
[-119.7,35.7]: 1
[-119.7,36.3]: 24
[-119.7,36.4]: 1
[-119.7,36.5]: 20
[-119.7,36.8]: 1
[-119.7,37.3]: 27
[-119.7,37.4]: 1
[-119.7,37.7]: 1
[-119.6,34.4]: 1
[-119.6,35]: 1
[-119.6,35.5]: 1
[-119.6,35.6]: 1
[-119.6,36]: 181
[-119.6,36.5]: 3
[-119.6,36.6]: 41
[-119.6,36.7]: 1
[-119.6,37.3]: 3
[-119.6,37.7]: 1
[-119.5,34.3]: 1
[-119.5,35.1]: 2
[-119.5,35.4]: 1
[-119.5,35.5]: 90
[-119.5,36.4]: 1
[-119.5,36.5]: 10
[-119.5,36.6]: 25
[-119.5,37]: 1
[-119.4,34.2]: 8
[-119.4,34.3]: 12
[-119.4,35]: 1
[-119.4,35.1]: 41
[-119.4,35.2]: 2
[-119.4,35.5]: 11
[-119.4,35.7]: 150
[-119.4,36]: 1
[-119.4,36.1]: 10
[-119.4,36.2]: 17
[-119.4,36.3]: 21
[-119.4,36.4]: 18
[-119.4,36.5]: 14
[-119.4,36.6]: 12
[-119.4,36.7]: 1
[-119.3,34.1]: 2
[-119.3,34.2]: 106
[-119.3,34.3]: 19
[-119.3,34.4]: 4
[-119.3,35.4]: 3
[-119.3,35.5]: 1
[-119.3,35.6]: 30
[-119.3,35.7]: 71
[-119.3,35.8]: 1
[-119.3,36.3]: 7
[-119.3,36.4]: 2
[-119.3,36.5]: 10
[-119.2,34.1]: 35
[-119.2,34.2]: 74
[-119.2,34.3]: 2
[-119.2,34.8]: 1
[-119.2,35]: 1
[-119.2,35.2]: 14
[-119.2,35.3]: 43
[-119.2,35.4]: 1
[-119.2,35.5]: 12
[-119.2,35.6]: 1
[-119.2,35.9]: 1
[-119.2,36.1]: 2
[-119.2,36.2]: 2
[-119.2,36.3]: 1
[-119.1,34.2]: 70
[-119.1,34.3]: 31
[-119.1,34.5]: 1
[-119.1,34.7]: 2
[-119.1,35]: 2
[-119.1,35.2]: 49
[-119.1,35.3]: 224
[-119.1,35.4]: 6
[-119.1,35.5]: 8
[-119.1,36]: 2
[-119.1,36.1]: 2
[-119.1,36.2]: 2
[-119.1,36.4]: 1
[-119.1,36.8]: 1
[-119.1,37.4]: 1
[-119.1,37.6]: 1
[-119,34.1]: 109
[-119,34.2]: 41
[-119,34.3]: 3
[-119,34.4]: 1
[-119,34.8]: 1
[-119,35]: 1
[-119,35.2]: 12
[-119,35.3]: 103
[-119,35.4]: 44
[-119,35.5]: 1
[-119,35.6]: 1
[-119,36.7]: 1
[-119,37.6]: 6
[-119,37.7]: 2
[-118.9,34]: 2
[-118.9,34.1]: 131
[-118.9,34.2]: 145
[-118.9,34.3]: 13
[-118.9,34.4]: 1
[-118.9,34.9]: 1
[-118.9,35]: 1
[-118.9,35.1]: 12
[-118.9,35.2]: 2
[-118.9,35.3]: 3
[-118.9,35.4]: 19
[-118.9,35.9]: 1
[-118.9,36.1]: 1
[-118.9,36.4]: 1
[-118.9,37.6]: 1
[-118.8,34]: 2
[-118.8,34.1]: 73
[-118.8,34.2]: 107
[-118.8,34.3]: 3
[-118.8,34.7]: 1
[-118.8,35.1]: 1
[-118.8,35.2]: 1
[-118.8,36.6]: 1
[-118.8,37.5]: 2
[-118.7,34.1]: 125
[-118.7,34.2]: 160
[-118.7,34.3]: 17
[-118.7,34.4]: 96
[-118.7,34.5]: 9
[-118.7,34.7]: 1
[-118.7,35.5]: 1
[-118.7,37.5]: 1
[-118.6,34]: 32
[-118.6,34.1]: 336
[-118.6,34.2]: 552
[-118.6,34.3]: 212
[-118.6,34.4]: 285
[-118.6,34.8]: 1
[-118.6,34.9]: 1
[-118.6,35.1]: 91
[-118.6,35.2]: 2
[-118.6,37.2]: 1
[-118.5,33.7]: 7
[-118.5,33.8]: 1
[-118.5,33.9]: 323
[-118.5,34]: 455
[-118.5,34.1]: 535
[-118.5,34.2]: 1105
[-118.5,34.3]: 124
[-118.5,34.4]: 135
[-118.5,34.7]: 2
[-118.5,34.8]: 2
[-118.5,35.1]: 1
[-118.5,35.6]: 5
[-118.5,37.3]: 2
[-118.4,33.7]: 136
[-118.4,33.8]: 178
[-118.4,33.9]: 388
[-118.4,34]: 417
[-118.4,34.1]: 321
[-118.4,34.2]: 220
[-118.4,34.4]: 1
[-118.4,34.6]: 2
[-118.4,34.8]: 2
[-118.4,34.9]: 1
[-118.4,35.9]: 1
[-118.4,37.2]: 1
[-118.4,37.3]: 2
[-118.4,37.4]: 1
[-118.3,33.7]: 21
[-118.3,33.8]: 196
[-118.3,33.9]: 194
[-118.3,34]: 1163
[-118.3,34.1]: 253
[-118.3,34.2]: 34
[-118.3,34.3]: 1
[-118.3,34.5]: 5
[-118.3,34.6]: 51
[-118.3,34.7]: 33
[-118.3,34.8]: 1
[-118.3,34.9]: 1
[-118.3,35.1]: 2
[-118.3,36.8]: 1
[-118.3,37]: 1
[-118.2,33.7]: 108
[-118.2,33.8]: 319
[-118.2,33.9]: 494
[-118.2,34]: 269
[-118.2,34.1]: 124
[-118.2,34.2]: 8
[-118.2,34.5]: 32
[-118.2,34.6]: 24
[-118.2,34.7]: 12
[-118.2,34.8]: 4
[-118.2,34.9]: 2
[-118.2,35]: 1
[-118.2,35.1]: 1
[-118.2,37.1]: 1
[-118.1,33.6]: 2
[-118.1,33.7]: 131
[-118.1,33.8]: 432
[-118.1,33.9]: 115
[-118.1,34]: 400
[-118.1,34.1]: 100
[-118.1,34.5]: 44
[-118.1,35.1]: 1
[-118.1,36.6]: 1
[-118,33.6]: 271
[-118,33.7]: 631
[-118,33.8]: 611
[-118,33.9]: 218
[-118,34]: 229
[-118,34.1]: 76
[-118,34.5]: 1
[-118,34.6]: 2
[-118,34.7]: 2
[-118,34.9]: 1
[-118,35]: 1
[-118,35.1]: 5
[-118,35.5]: 2
[-117.9,33.5]: 4
[-117.9,33.6]: 404
[-117.9,33.7]: 782
[-117.9,33.8]: 351
[-117.9,33.9]: 124
[-117.9,34]: 106
[-117.9,34.1]: 34
[-117.9,34.3]: 1
[-117.9,34.5]: 1
[-117.9,34.6]: 1
[-117.9,35]: 1
[-117.9,35.1]: 44
[-117.9,35.6]: 1
[-117.9,35.7]: 1
[-117.8,33.4]: 6
[-117.8,33.5]: 267
[-117.8,33.6]: 204
[-117.8,33.7]: 253
[-117.8,33.8]: 110
[-117.8,33.9]: 131
[-117.8,34]: 265
[-117.8,34.1]: 35
[-117.8,34.5]: 3
[-117.8,35]: 1
[-117.8,35.6]: 2
[-117.8,35.7]: 1
[-117.8,37.1]: 1
[-117.7,33.4]: 49
[-117.7,33.5]: 362
[-117.7,33.6]: 249
[-117.7,33.7]: 9
[-117.7,33.8]: 70
[-117.7,33.9]: 156
[-117.7,34]: 474
[-117.7,34.1]: 101
[-117.7,34.3]: 3
[-117.7,34.4]: 7
[-117.7,35.1]: 1
[-117.7,35.3]: 1
[-117.7,35.5]: 1
[-117.7,35.6]: 5
[-117.7,35.8]: 1
[-117.7,35.9]: 1
[-117.6,33.3]: 57
[-117.6,33.4]: 84
[-117.6,33.5]: 1
[-117.6,33.6]: 33
[-117.6,33.7]: 1
[-117.6,33.8]: 363
[-117.6,33.9]: 289
[-117.6,34]: 231
[-117.6,34.1]: 350
[-117.6,34.4]: 2
[-117.6,34.5]: 1
[-117.6,34.6]: 2
[-117.5,33.2]: 41
[-117.5,33.3]: 7
[-117.5,33.7]: 31
[-117.5,33.8]: 142
[-117.5,33.9]: 617
[-117.5,34]: 320
[-117.5,34.1]: 160
[-117.5,34.2]: 1
[-117.5,34.3]: 2
[-117.5,34.4]: 2
[-117.5,34.5]: 22
[-117.5,34.6]: 1
[-117.5,34.7]: 1
[-117.5,36]: 1
[-117.4,33]: 1
[-117.4,33.1]: 129
[-117.4,33.2]: 247
[-117.4,33.3]: 28
[-117.4,33.5]: 1
[-117.4,33.6]: 125
[-117.4,33.7]: 29
[-117.4,33.8]: 33
[-117.4,33.9]: 418
[-117.4,34]: 284
[-117.4,34.1]: 185
[-117.4,34.2]: 2
[-117.4,34.4]: 24
[-117.4,34.5]: 140
[-117.4,34.6]: 2
[-117.4,35.7]: 1
[-117.4,36]: 1
[-117.3,32.6]: 80
[-117.3,32.7]: 90
[-117.3,32.8]: 543
[-117.3,32.9]: 208
[-117.3,33]: 89
[-117.3,33.1]: 163
[-117.3,33.2]: 277
[-117.3,33.3]: 112
[-117.3,33.4]: 6
[-117.3,33.5]: 111
[-117.3,33.6]: 111
[-117.3,33.7]: 112
[-117.3,33.8]: 254
[-117.3,33.9]: 350
[-117.3,34]: 133
[-117.3,34.1]: 189
[-117.3,34.3]: 1
[-117.3,34.4]: 42
[-117.3,34.5]: 9
[-117.3,34.6]: 3
[-117.3,34.8]: 1
[-117.3,36]: 1
[-117.2,32.5]: 3
[-117.2,32.6]: 194
[-117.2,32.7]: 363
[-117.2,32.8]: 340
[-117.2,32.9]: 415
[-117.2,33]: 73
[-117.2,33.1]: 263
[-117.2,33.2]: 1
[-117.2,33.3]: 20
[-117.2,33.4]: 63
[-117.2,33.5]: 536
[-117.2,33.6]: 87
[-117.2,33.7]: 46
[-117.2,33.8]: 78
[-117.2,33.9]: 75
[-117.2,34]: 47
[-117.2,34.1]: 4
[-117.2,34.2]: 1
[-117.2,34.4]: 2
[-117.2,34.5]: 3
[-117.2,34.6]: 1
[-117.1,32.5]: 441
[-117.1,32.6]: 651
[-117.1,32.7]: 578
[-117.1,32.8]: 122
[-117.1,32.9]: 296
[-117.1,33]: 185
[-117.1,33.1]: 357
[-117.1,33.2]: 10
[-117.1,33.4]: 63
[-117.1,33.5]: 47
[-117.1,33.6]: 10
[-117.1,33.7]: 70
[-117.1,33.8]: 3
[-117.1,33.9]: 51
[-117.1,34]: 62
[-117.1,34.3]: 1
[-117.1,34.4]: 2
[-117.1,34.8]: 3
[-117,32.5]: 103
[-117,32.6]: 221
[-117,32.7]: 392
[-117,32.8]: 284
[-117,32.9]: 5
[-117,33]: 11
[-117,33.1]: 1
[-117,33.6]: 2
[-117,33.7]: 191
[-117,33.8]: 11
[-117,33.9]: 4
[-117,34]: 2
[-117,34.2]: 1
[-116.9,32.6]: 1
[-116.9,32.7]: 7
[-116.9,32.8]: 17
[-116.9,32.9]: 5
[-116.9,33]: 4
[-116.9,33.7]: 21
[-116.9,33.9]: 31
[-116.9,34]: 1
[-116.9,34.2]: 4
[-116.9,34.4]: 1
[-116.9,34.5]: 1
[-116.9,35.5]: 1
[-116.8,32.8]: 41
[-116.8,32.9]: 1
[-116.8,33]: 10
[-116.8,33.7]: 2
[-116.8,33.9]: 1
[-116.8,34.4]: 1
[-116.8,35.2]: 27
[-116.7,33.8]: 1
[-116.7,33.9]: 1
[-116.7,34.4]: 1
[-116.7,35.2]: 44
[-116.6,33.1]: 1
[-116.6,33.2]: 1
[-116.6,33.3]: 1
[-116.6,33.8]: 24
[-116.6,33.9]: 5
[-116.6,34.3]: 1
[-116.6,36.2]: 1
[-116.5,32.7]: 1
[-116.5,33.7]: 11
[-116.5,33.8]: 20
[-116.5,33.9]: 12
[-116.5,34.1]: 2
[-116.4,32.6]: 2
[-116.4,32.7]: 1
[-116.4,32.8]: 1
[-116.4,33.6]: 17
[-116.4,33.7]: 134
[-116.4,33.8]: 2
[-116.4,34.2]: 1
[-116.3,32.6]: 1
[-116.3,33.6]: 74
[-116.3,33.7]: 246
[-116.3,34.1]: 2
[-116.3,34.2]: 1
[-116.2,33]: 1
[-116.2,33.1]: 1
[-116.2,33.5]: 40
[-116.2,33.6]: 163
[-116.2,33.7]: 3
[-116.2,33.8]: 1
[-116.2,34.1]: 1
[-116.2,35.8]: 1
[-116.1,33.3]: 1
[-116.1,33.5]: 42
[-116.1,34.1]: 3
[-116.1,34.2]: 31
[-116,32.7]: 1
[-116,33.2]: 1
[-116,33.3]: 1
[-116,33.5]: 1
[-116,35.1]: 1
[-116,35.9]: 1
[-115.9,34.1]: 1
[-115.9,35.9]: 1
[-115.8,32.7]: 7
[-115.8,32.8]: 53
[-115.7,33]: 1
[-115.7,33.4]: 1
[-115.6,32.7]: 41
[-115.6,32.8]: 23
[-115.6,32.9]: 41
[-115.6,33.2]: 1
[-115.5,32.6]: 20
[-115.5,32.7]: 3
[-115.5,32.8]: 2
[-115.5,33.1]: 60
[-115.5,34.9]: 1
[-115.4,32.7]: 1
[-115.4,32.8]: 11
[-115.3,33]: 1
[-115.3,35.2]: 1
[-115.2,34]: 1
[-115.2,34.6]: 1
[-115.2,35]: 1
[-115,33.5]: 130
[-114.9,34.6]: 1
[-114.8,33.5]: 1
[-114.7,33.2]: 1
[-114.7,33.5]: 1
[-114.6,32.7]: 1
[-114.6,32.8]: 1
[-114.6,33]: 1
[-114.6,33.6]: 3
[-114.6,34.1]: 1
[-114.5,34]: 1
[-114.5,34.1]: 1

mongo disaster --eval "var input_date = ISODate('2020-09-18T23:00:00Z');" q1.js 
[-124.3,40.4]: 1
[-124.3,40.6]: 1
[-124.3,40.7]: 10
[-124.3,41.7]: 1
[-124.2,40.4]: 1
[-124.2,40.5]: 1
[-124.2,40.6]: 1
[-124.2,40.7]: 16
[-124.2,40.9]: 1
[-124.2,41]: 1
[-124.2,41.5]: 1
[-124.2,41.7]: 1
[-124.2,41.8]: 40
[-124.1,40]: 1
[-124.1,40.4]: 2
[-124.1,40.6]: 2
[-124.1,40.8]: 33
[-124.1,40.9]: 9
[-124.1,41]: 3
[-124.1,41.9]: 1
[-124,40.1]: 1
[-124,40.9]: 1
[-124,41.2]: 1
[-124,41.4]: 1
[-124,41.6]: 1
[-124,41.8]: 1
[-123.9,39.4]: 1
[-123.9,40.1]: 1
[-123.9,40.8]: 1
[-123.9,41.4]: 1
[-123.9,41.8]: 1
[-123.8,39.3]: 1
[-123.8,39.4]: 1
[-123.8,39.5]: 2
[-123.8,40.1]: 1
[-123.8,41.1]: 1
[-123.7,39]: 1
[-123.7,39.4]: 1
[-123.7,39.6]: 1
[-123.7,41]: 1
[-123.7,41.1]: 1
[-123.7,41.4]: 1
[-123.7,41.5]: 1
[-123.6,38.7]: 1
[-123.6,40.4]: 2
[-123.6,41.9]: 1
[-123.5,39.3]: 1
[-123.5,39.5]: 1
[-123.5,39.7]: 1
[-123.5,40.3]: 1
[-123.4,39.3]: 1
[-123.4,39.4]: 2
[-123.4,39.9]: 1
[-123.4,40.5]: 1
[-123.3,38.7]: 1
[-123.3,39.1]: 10
[-123.3,39.2]: 3
[-123.3,39.4]: 1
[-123.3,39.6]: 1
[-123.3,39.7]: 1
[-123.3,39.8]: 1
[-123.2,38.6]: 1
[-123.2,38.9]: 1
[-123.2,39]: 1
[-123.2,39.2]: 1
[-123.2,39.6]: 1
[-123.2,41.8]: 1
[-123.1,38.4]: 1
[-123.1,38.7]: 2
[-123.1,38.8]: 1
[-123.1,40.2]: 1
[-123,38.3]: 1
[-123,38.6]: 2
[-123,38.7]: 1
[-123,38.8]: 1
[-123,41.5]: 3
[-122.9,38.4]: 2
[-122.9,38.5]: 17
[-122.9,38.6]: 1
[-122.9,38.8]: 1
[-122.9,38.9]: 1
[-122.9,39]: 1
[-122.9,39.1]: 1
[-122.9,39.5]: 1
[-122.9,40.6]: 1
[-122.9,40.7]: 1
[-122.8,37.9]: 1
[-122.8,38.3]: 19
[-122.8,38.4]: 140
[-122.8,38.5]: 6
[-122.8,38.8]: 3
[-122.8,39.1]: 1
[-122.8,39.4]: 1
[-122.7,38.1]: 1
[-122.7,38.2]: 24
[-122.7,38.3]: 64
[-122.7,38.4]: 23
[-122.7,38.5]: 1
[-122.7,38.7]: 1
[-122.7,38.8]: 1
[-122.7,39]: 2
[-122.7,41.2]: 1
[-122.7,41.3]: 1
[-122.7,41.7]: 1
[-122.7,41.9]: 1
[-122.6,37.7]: 2
[-122.6,37.8]: 21
[-122.6,37.9]: 97
[-122.6,38]: 100
[-122.6,38.1]: 21
[-122.6,38.2]: 10
[-122.6,38.3]: 1
[-122.6,38.4]: 1
[-122.6,38.9]: 1
[-122.6,39]: 1
[-122.6,39.3]: 3
[-122.6,40.1]: 1
[-122.6,40.3]: 1
[-122.6,41.8]: 1
[-122.5,37.4]: 11
[-122.5,37.5]: 5
[-122.5,37.6]: 215
[-122.5,37.7]: 436
[-122.5,37.8]: 22
[-122.5,37.9]: 64
[-122.5,38]: 4
[-122.5,38.1]: 1
[-122.5,38.2]: 1
[-122.5,38.3]: 1
[-122.5,38.5]: 2
[-122.5,40.4]: 1
[-122.5,40.5]: 2
[-122.5,40.6]: 6
[-122.5,40.9]: 1
[-122.4,37.5]: 23
[-122.4,37.7]: 92
[-122.4,37.8]: 55
[-122.4,37.9]: 103
[-122.4,38]: 5
[-122.4,38.2]: 32
[-122.4,38.3]: 11
[-122.4,38.9]: 1
[-122.4,39.6]: 1
[-122.4,39.8]: 1
[-122.4,39.9]: 1
[-122.4,40]: 1
[-122.4,40.3]: 11
[-122.4,40.4]: 1
[-122.4,40.5]: 23
[-122.4,40.6]: 28
[-122.4,41]: 1
[-122.4,41.3]: 1
[-122.4,41.4]: 1
[-122.3,37.1]: 1
[-122.3,37.4]: 33
[-122.3,37.5]: 142
[-122.3,37.7]: 124
[-122.3,37.8]: 181
[-122.3,37.9]: 31
[-122.3,38]: 63
[-122.3,38.1]: 36
[-122.3,38.2]: 21
[-122.3,38.3]: 10
[-122.3,39.3]: 1
[-122.3,39.9]: 1
[-122.3,40.1]: 1
[-122.3,40.2]: 1
[-122.3,40.3]: 9
[-122.3,40.4]: 3
[-122.3,40.7]: 1
[-122.3,41.2]: 1
[-122.2,37.1]: 1
[-122.2,37.3]: 12
[-122.2,37.4]: 185
[-122.2,37.6]: 104
[-122.2,37.7]: 104
[-122.2,37.8]: 62
[-122.2,37.9]: 8
[-122.2,38]: 47
[-122.2,38.2]: 1
[-122.2,38.4]: 1
[-122.2,39.2]: 1
[-122.2,39.3]: 1
[-122.2,39.7]: 1
[-122.2,39.9]: 1
[-122.2,40.3]: 12
[-122.2,40.5]: 1
[-122.2,40.6]: 1
[-122.2,41.5]: 1
[-122.2,41.7]: 1
[-122.2,41.8]: 1
[-122.1,36.9]: 4
[-122.1,37]: 24
[-122.1,37.1]: 2
[-122.1,37.2]: 30
[-122.1,37.3]: 345
[-122.1,37.4]: 22
[-122.1,37.5]: 209
[-122.1,37.6]: 276
[-122.1,37.7]: 34
[-122.1,37.8]: 67
[-122.1,37.9]: 257
[-122.1,38]: 1
[-122.1,38.1]: 1
[-122.1,38.2]: 56
[-122.1,38.3]: 10
[-122.1,38.4]: 1
[-122.1,38.6]: 3
[-122.1,39]: 1
[-122.1,39.3]: 1
[-122.1,39.7]: 2
[-122.1,39.9]: 1
[-122,36.5]: 13
[-122,36.6]: 19
[-122,36.9]: 32
[-122,37]: 8
[-122,37.1]: 2
[-122,37.2]: 150
[-122,37.3]: 393
[-122,37.4]: 208
[-122,37.5]: 231
[-122,37.6]: 1
[-122,37.7]: 120
[-122,37.8]: 99
[-122,37.9]: 22
[-122,38]: 34
[-122,38.2]: 13
[-122,38.3]: 146
[-122,38.5]: 10
[-122,38.6]: 1
[-122,38.8]: 1
[-122,40.2]: 3
[-122,40.9]: 1
[-122,41]: 1
[-122,41.9]: 2
[-121.9,36.6]: 36
[-121.9,36.9]: 1
[-121.9,37.2]: 364
[-121.9,37.3]: 521
[-121.9,37.4]: 67
[-121.9,37.6]: 55
[-121.9,37.7]: 151
[-121.9,37.8]: 20
[-121.9,37.9]: 18
[-121.9,38]: 22
[-121.9,38.1]: 1
[-121.9,38.2]: 1
[-121.9,38.3]: 1
[-121.9,38.4]: 2
[-121.9,39.3]: 2
[-121.9,39.6]: 2
[-121.9,39.7]: 147
[-121.9,40.2]: 1
[-121.9,41.9]: 1
[-121.8,36.4]: 5
[-121.8,36.5]: 11
[-121.8,36.6]: 76
[-121.8,36.8]: 14
[-121.8,36.9]: 36
[-121.8,37]: 3
[-121.8,37.1]: 1
[-121.8,37.2]: 103
[-121.8,37.3]: 25
[-121.8,37.6]: 5
[-121.8,37.7]: 10
[-121.8,37.8]: 3
[-121.8,37.9]: 22
[-121.8,38]: 11
[-121.8,38.4]: 1
[-121.8,38.5]: 265
[-121.8,38.6]: 82
[-121.8,38.8]: 1
[-121.8,39.2]: 1
[-121.8,39.3]: 1
[-121.8,39.7]: 13
[-121.8,41]: 1
[-121.8,41.1]: 1
[-121.8,41.2]: 1
[-121.7,36.5]: 11
[-121.7,36.6]: 257
[-121.7,36.7]: 135
[-121.7,36.8]: 18
[-121.7,37]: 17
[-121.7,37.1]: 13
[-121.7,37.6]: 1
[-121.7,37.8]: 12
[-121.7,37.9]: 14
[-121.7,38]: 1
[-121.7,38.5]: 6
[-121.7,39]: 1
[-121.7,39.1]: 57
[-121.7,39.3]: 3
[-121.7,39.4]: 1
[-121.7,39.6]: 1
[-121.7,39.7]: 1
[-121.7,40.8]: 1
[-121.6,36.7]: 1
[-121.6,36.9]: 10
[-121.6,37]: 32
[-121.6,37.1]: 20
[-121.6,37.7]: 1
[-121.6,37.8]: 1
[-121.6,37.9]: 1
[-121.6,38.4]: 12
[-121.6,38.5]: 105
[-121.6,38.6]: 82
[-121.6,39]: 1
[-121.6,39.1]: 21
[-121.6,39.5]: 13
[-121.6,39.6]: 1
[-121.6,39.8]: 1
[-121.6,39.9]: 1
[-121.6,40.7]: 1
[-121.6,40.9]: 1
[-121.5,36.4]: 1
[-121.5,36.5]: 11
[-121.5,36.7]: 1
[-121.5,37]: 1
[-121.5,37.2]: 1
[-121.5,37.6]: 10
[-121.5,37.7]: 53
[-121.5,37.9]: 1
[-121.5,38]: 1
[-121.5,38.2]: 8
[-121.5,38.3]: 13
[-121.5,38.4]: 143
[-121.5,38.5]: 260
[-121.5,38.6]: 78
[-121.5,39]: 5
[-121.5,39.4]: 2
[-121.5,39.6]: 1
[-121.5,39.7]: 1
[-121.5,40.1]: 1
[-121.5,40.7]: 1
[-121.5,41.5]: 1
[-121.5,41.7]: 1
[-121.5,41.9]: 1
[-121.4,36.4]: 121
[-121.4,36.7]: 1
[-121.4,36.8]: 11
[-121.4,36.9]: 1
[-121.4,37.7]: 51
[-121.4,37.8]: 10
[-121.4,37.9]: 143
[-121.4,38]: 122
[-121.4,38.3]: 10
[-121.4,38.4]: 44
[-121.4,38.5]: 113
[-121.4,38.6]: 116
[-121.4,38.7]: 117
[-121.4,38.8]: 101
[-121.4,39.4]: 2
[-121.4,39.5]: 1
[-121.4,39.6]: 2
[-121.4,40.5]: 1
[-121.4,41.8]: 1
[-121.3,36.3]: 1
[-121.3,36.6]: 1
[-121.3,36.7]: 1
[-121.3,37.7]: 24
[-121.3,37.8]: 50
[-121.3,37.9]: 29
[-121.3,38]: 29
[-121.3,38.1]: 5
[-121.3,38.3]: 1
[-121.3,38.5]: 53
[-121.3,38.6]: 131
[-121.3,38.7]: 140
[-121.3,38.8]: 120
[-121.3,39]: 1
[-121.3,39.1]: 1
[-121.3,40.2]: 2
[-121.3,40.3]: 1
[-121.3,40.7]: 1
[-121.3,41.2]: 1
[-121.2,36.2]: 22
[-121.2,37.4]: 3
[-121.2,37.7]: 6
[-121.2,37.8]: 15
[-121.2,37.9]: 7
[-121.2,38]: 13
[-121.2,38.6]: 208
[-121.2,38.7]: 12
[-121.2,38.8]: 4
[-121.2,38.9]: 32
[-121.2,39.1]: 9
[-121.2,39.2]: 2
[-121.2,39.6]: 1
[-121.2,40.5]: 1
[-121.2,40.7]: 1
[-121.1,35.5]: 3
[-121.1,35.8]: 1
[-121.1,36.1]: 1
[-121.1,37.3]: 2
[-121.1,37.5]: 1
[-121.1,37.6]: 29
[-121.1,37.7]: 4
[-121.1,37.9]: 1
[-121.1,38.2]: 1
[-121.1,38.4]: 6
[-121.1,38.5]: 5
[-121.1,38.6]: 31
[-121.1,38.7]: 8
[-121.1,38.8]: 3
[-121.1,38.9]: 1
[-121.1,39.1]: 2
[-121.1,39.2]: 13
[-121.1,39.7]: 1
[-121.1,39.8]: 1
[-121.1,40.3]: 1
[-121.1,40.4]: 1
[-121.1,40.5]: 1
[-121.1,40.7]: 1
[-121.1,41.1]: 1
[-121,37.2]: 1
[-121,37.3]: 1
[-121,37.5]: 32
[-121,37.6]: 97
[-121,37.7]: 1
[-121,37.8]: 1
[-121,38.1]: 1
[-121,38.2]: 1
[-121,38.3]: 60
[-121,38.5]: 1
[-121,38.6]: 2
[-121,39.1]: 1
[-121,39.3]: 1
[-121,39.9]: 1
[-121,40.2]: 1
[-121,41.2]: 1
[-121,41.5]: 1
[-120.9,35.2]: 4
[-120.9,35.3]: 20
[-120.9,35.5]: 1
[-120.9,35.8]: 1
[-120.9,35.9]: 2
[-120.9,36.8]: 1
[-120.9,37]: 21
[-120.9,37.3]: 2
[-120.9,37.4]: 2
[-120.9,37.5]: 41
[-120.9,37.6]: 1
[-120.9,37.7]: 1
[-120.9,38.1]: 3
[-120.9,38.5]: 6
[-120.9,38.6]: 6
[-120.9,38.7]: 1
[-120.9,38.8]: 1
[-120.9,38.9]: 1
[-120.9,39.5]: 1
[-120.9,40.5]: 1
[-120.9,40.6]: 1
[-120.9,40.9]: 1
[-120.9,41.3]: 1
[-120.8,35.1]: 1
[-120.8,35.2]: 6
[-120.8,35.4]: 1
[-120.8,35.5]: 1
[-120.8,35.7]: 1
[-120.8,36.1]: 1
[-120.8,36.9]: 1
[-120.8,37.2]: 2
[-120.8,37.5]: 1
[-120.8,38.3]: 1
[-120.8,38.4]: 1
[-120.8,38.5]: 1
[-120.8,38.7]: 1
[-120.8,39.3]: 1
[-120.8,40.1]: 1
[-120.8,40.2]: 2
[-120.8,40.4]: 1
[-120.8,40.6]: 1
[-120.8,40.9]: 1
[-120.7,34.7]: 1
[-120.7,35.1]: 3
[-120.7,35.2]: 68
[-120.7,35.3]: 148
[-120.7,35.4]: 11
[-120.7,35.6]: 15
[-120.7,36.6]: 1
[-120.7,37.9]: 1
[-120.7,38.3]: 1
[-120.7,38.8]: 1
[-120.7,38.9]: 1
[-120.7,39.3]: 1
[-120.7,39.7]: 1
[-120.7,40.3]: 1
[-120.7,40.8]: 1
[-120.7,41.9]: 1
[-120.6,34.6]: 29
[-120.6,34.9]: 20
[-120.6,35]: 3
[-120.6,35.1]: 2
[-120.6,35.4]: 1
[-120.6,36.6]: 2
[-120.6,37.3]: 52
[-120.6,37.4]: 1
[-120.6,37.8]: 41
[-120.6,37.9]: 2
[-120.6,38.1]: 1
[-120.6,38.7]: 2
[-120.6,38.8]: 1
[-120.6,39.3]: 3
[-120.6,39.9]: 1
[-120.6,40.2]: 1
[-120.6,40.3]: 7
[-120.6,40.4]: 85
[-120.6,40.5]: 1
[-120.6,40.9]: 1
[-120.6,41]: 1
[-120.6,41.4]: 1
[-120.6,41.5]: 1
[-120.5,34.6]: 42
[-120.5,34.8]: 13
[-120.5,34.9]: 43
[-120.5,35]: 1
[-120.5,35.6]: 1
[-120.5,36.5]: 1
[-120.5,36.8]: 10
[-120.5,37.2]: 80
[-120.5,37.3]: 74
[-120.5,37.9]: 1
[-120.5,38.1]: 2
[-120.5,38.2]: 1
[-120.5,38.4]: 1
[-120.5,38.9]: 1
[-120.5,39]: 1
[-120.5,39.3]: 1
[-120.5,39.8]: 3
[-120.5,41.1]: 1
[-120.4,35.4]: 1
[-120.4,35.5]: 1
[-120.4,35.6]: 1
[-120.4,36.1]: 1
[-120.4,36.2]: 4
[-120.4,36.7]: 21
[-120.4,36.9]: 1
[-120.4,37]: 2
[-120.4,37.6]: 1
[-120.4,37.8]: 1
[-120.4,38.2]: 1
[-120.4,38.5]: 1
[-120.4,39.2]: 1
[-120.4,40.2]: 1
[-120.4,40.3]: 1
[-120.3,34.7]: 1
[-120.3,34.8]: 1
[-120.3,36.1]: 80
[-120.3,36.3]: 1
[-120.3,36.5]: 1
[-120.3,37]: 1
[-120.3,37.1]: 23
[-120.3,37.8]: 1
[-120.3,38]: 1
[-120.3,38.3]: 1
[-120.3,38.8]: 1
[-120.3,39.3]: 1
[-120.3,39.5]: 1
[-120.3,39.6]: 1
[-120.3,41.8]: 1
[-120.2,34.5]: 1
[-120.2,34.6]: 1
[-120.2,34.7]: 1
[-120.2,34.9]: 1
[-120.2,35.6]: 1
[-120.2,35.9]: 90
[-120.2,36]: 3
[-120.2,36.5]: 1
[-120.2,36.9]: 4
[-120.2,37]: 69
[-120.2,37.1]: 43
[-120.2,37.7]: 1
[-120.2,38]: 1
[-120.2,39.3]: 1
[-120.2,39.6]: 2
[-120.2,39.8]: 1
[-120.2,40.1]: 11
[-120.1,34.4]: 2
[-120.1,34.6]: 1
[-120.1,35.2]: 1
[-120.1,35.6]: 1
[-120.1,36]: 2
[-120.1,36.1]: 2
[-120.1,36.2]: 10
[-120.1,36.3]: 1
[-120.1,36.4]: 1
[-120.1,36.7]: 2
[-120.1,36.8]: 1
[-120.1,36.9]: 99
[-120.1,37]: 2
[-120.1,37.4]: 1
[-120.1,38.2]: 1
[-120.1,38.8]: 1
[-120.1,38.9]: 12
[-120.1,39.2]: 10
[-120,35.3]: 1
[-120,35.9]: 1
[-120,36.7]: 1
[-120,36.8]: 1
[-120,37]: 1
[-120,37.4]: 1
[-120,38.9]: 2
[-119.9,34.4]: 171
[-119.9,35]: 1
[-119.9,35.8]: 1
[-119.9,36.1]: 1
[-119.9,36.2]: 23
[-119.9,36.3]: 4
[-119.9,36.7]: 140
[-119.9,36.8]: 82
[-119.9,37.5]: 1
[-119.9,38.2]: 1
[-119.8,34.4]: 92
[-119.8,34.5]: 1
[-119.8,36.2]: 1
[-119.8,36.3]: 12
[-119.8,36.6]: 5
[-119.8,36.7]: 260
[-119.8,36.8]: 294
[-119.7,34.4]: 44
[-119.7,35.3]: 3
[-119.7,35.5]: 2
[-119.7,35.7]: 1
[-119.7,36.3]: 24
[-119.7,36.4]: 1
[-119.7,36.5]: 20
[-119.7,36.8]: 1
[-119.7,37.3]: 27
[-119.7,37.4]: 1
[-119.7,37.7]: 1
[-119.6,34.4]: 1
[-119.6,35]: 1
[-119.6,35.5]: 1
[-119.6,35.6]: 1
[-119.6,36]: 181
[-119.6,36.5]: 3
[-119.6,36.6]: 41
[-119.6,36.7]: 1
[-119.6,37.3]: 3
[-119.6,37.7]: 1
[-119.5,34.3]: 1
[-119.5,35.1]: 2
[-119.5,35.4]: 1
[-119.5,35.5]: 90
[-119.5,36.4]: 1
[-119.5,36.5]: 10
[-119.5,36.6]: 25
[-119.5,37]: 1
[-119.4,34.2]: 8
[-119.4,34.3]: 12
[-119.4,35]: 1
[-119.4,35.1]: 41
[-119.4,35.2]: 2
[-119.4,35.5]: 11
[-119.4,35.7]: 150
[-119.4,36]: 1
[-119.4,36.1]: 10
[-119.4,36.2]: 17
[-119.4,36.3]: 21
[-119.4,36.4]: 18
[-119.4,36.5]: 14
[-119.4,36.6]: 12
[-119.4,36.7]: 1
[-119.3,34.1]: 2
[-119.3,34.2]: 106
[-119.3,34.3]: 19
[-119.3,34.4]: 4
[-119.3,35.4]: 3
[-119.3,35.5]: 1
[-119.3,35.6]: 30
[-119.3,35.7]: 71
[-119.3,35.8]: 1
[-119.3,36.3]: 7
[-119.3,36.4]: 2
[-119.3,36.5]: 10
[-119.2,34.1]: 35
[-119.2,34.2]: 74
[-119.2,34.3]: 2
[-119.2,34.8]: 1
[-119.2,35]: 1
[-119.2,35.2]: 14
[-119.2,35.3]: 43
[-119.2,35.4]: 1
[-119.2,35.5]: 12
[-119.2,35.6]: 1
[-119.2,35.9]: 1
[-119.2,36.1]: 2
[-119.2,36.2]: 2
[-119.2,36.3]: 1
[-119.1,34.2]: 70
[-119.1,34.3]: 31
[-119.1,34.5]: 1
[-119.1,34.7]: 2
[-119.1,35]: 2
[-119.1,35.2]: 49
[-119.1,35.3]: 224
[-119.1,35.4]: 6
[-119.1,35.5]: 8
[-119.1,36]: 2
[-119.1,36.1]: 2
[-119.1,36.2]: 2
[-119.1,36.4]: 1
[-119.1,36.8]: 1
[-119.1,37.4]: 1
[-119.1,37.6]: 1
[-119,34.1]: 109
[-119,34.2]: 41
[-119,34.3]: 3
[-119,34.4]: 1
[-119,34.8]: 1
[-119,35]: 1
[-119,35.2]: 12
[-119,35.3]: 103
[-119,35.4]: 44
[-119,35.5]: 1
[-119,35.6]: 1
[-119,36.7]: 1
[-119,37.6]: 6
[-119,37.7]: 2
[-118.9,34]: 2
[-118.9,34.1]: 131
[-118.9,34.2]: 145
[-118.9,34.3]: 13
[-118.9,34.4]: 1
[-118.9,34.9]: 1
[-118.9,35]: 1
[-118.9,35.1]: 12
[-118.9,35.2]: 2
[-118.9,35.3]: 3
[-118.9,35.4]: 19
[-118.9,35.9]: 1
[-118.9,36.1]: 1
[-118.9,36.4]: 1
[-118.9,37.6]: 1
[-118.8,34]: 2
[-118.8,34.1]: 73
[-118.8,34.2]: 107
[-118.8,34.3]: 3
[-118.8,34.7]: 1
[-118.8,35.1]: 1
[-118.8,35.2]: 1
[-118.8,36.6]: 1
[-118.8,37.5]: 2
[-118.7,34.1]: 125
[-118.7,34.2]: 160
[-118.7,34.3]: 17
[-118.7,34.4]: 96
[-118.7,34.5]: 9
[-118.7,34.7]: 1
[-118.7,35.5]: 1
[-118.7,37.5]: 1
[-118.6,34]: 32
[-118.6,34.1]: 336
[-118.6,34.2]: 552
[-118.6,34.3]: 212
[-118.6,34.4]: 285
[-118.6,34.8]: 1
[-118.6,34.9]: 1
[-118.6,35.1]: 91
[-118.6,35.2]: 2
[-118.6,37.2]: 1
[-118.5,33.7]: 7
[-118.5,33.8]: 1
[-118.5,33.9]: 323
[-118.5,34]: 455
[-118.5,34.1]: 535
[-118.5,34.2]: 1105
[-118.5,34.3]: 124
[-118.5,34.4]: 135
[-118.5,34.7]: 2
[-118.5,34.8]: 2
[-118.5,35.1]: 1
[-118.5,35.6]: 5
[-118.5,37.3]: 2
[-118.4,33.7]: 136
[-118.4,33.8]: 178
[-118.4,33.9]: 388
[-118.4,34]: 417
[-118.4,34.1]: 321
[-118.4,34.2]: 220
[-118.4,34.4]: 1
[-118.4,34.6]: 2
[-118.4,34.8]: 2
[-118.4,34.9]: 1
[-118.4,35.9]: 1
[-118.4,37.2]: 1
[-118.4,37.3]: 2
[-118.4,37.4]: 1
[-118.3,33.7]: 21
[-118.3,33.8]: 196
[-118.3,33.9]: 194
[-118.3,34]: 1163
[-118.3,34.1]: 253
[-118.3,34.2]: 34
[-118.3,34.3]: 1
[-118.3,34.5]: 5
[-118.3,34.6]: 51
[-118.3,34.7]: 33
[-118.3,34.8]: 1
[-118.3,34.9]: 1
[-118.3,35.1]: 2
[-118.3,36.8]: 1
[-118.3,37]: 1
[-118.2,33.7]: 108
[-118.2,33.8]: 319
[-118.2,33.9]: 494
[-118.2,34]: 269
[-118.2,34.1]: 124
[-118.2,34.2]: 8
[-118.2,34.5]: 32
[-118.2,34.6]: 24
[-118.2,34.7]: 12
[-118.2,34.8]: 4
[-118.2,34.9]: 2
[-118.2,35]: 1
[-118.2,35.1]: 1
[-118.2,37.1]: 1
[-118.1,33.6]: 2
[-118.1,33.7]: 131
[-118.1,33.8]: 432
[-118.1,33.9]: 115
[-118.1,34]: 400
[-118.1,34.1]: 100
[-118.1,34.5]: 44
[-118.1,35.1]: 1
[-118.1,36.6]: 1
[-118,33.6]: 271
[-118,33.7]: 631
[-118,33.8]: 611
[-118,33.9]: 218
[-118,34]: 229
[-118,34.1]: 76
[-118,34.5]: 1
[-118,34.6]: 2
[-118,34.7]: 2
[-118,34.9]: 1
[-118,35]: 1
[-118,35.1]: 5
[-118,35.5]: 2
[-117.9,33.5]: 4
[-117.9,33.6]: 404
[-117.9,33.7]: 782
[-117.9,33.8]: 351
[-117.9,33.9]: 124
[-117.9,34]: 106
[-117.9,34.1]: 34
[-117.9,34.3]: 1
[-117.9,34.5]: 1
[-117.9,34.6]: 1
[-117.9,35]: 1
[-117.9,35.1]: 44
[-117.9,35.6]: 1
[-117.9,35.7]: 1
[-117.8,33.4]: 6
[-117.8,33.5]: 267
[-117.8,33.6]: 204
[-117.8,33.7]: 253
[-117.8,33.8]: 110
[-117.8,33.9]: 131
[-117.8,34]: 265
[-117.8,34.1]: 35
[-117.8,34.5]: 3
[-117.8,35]: 1
[-117.8,35.6]: 2
[-117.8,35.7]: 1
[-117.8,37.1]: 1
[-117.7,33.4]: 49
[-117.7,33.5]: 362
[-117.7,33.6]: 249
[-117.7,33.7]: 9
[-117.7,33.8]: 70
[-117.7,33.9]: 156
[-117.7,34]: 474
[-117.7,34.1]: 101
[-117.7,34.3]: 3
[-117.7,34.4]: 7
[-117.7,35.1]: 1
[-117.7,35.3]: 1
[-117.7,35.5]: 1
[-117.7,35.6]: 5
[-117.7,35.8]: 1
[-117.7,35.9]: 1
[-117.6,33.3]: 57
[-117.6,33.4]: 84
[-117.6,33.5]: 1
[-117.6,33.6]: 33
[-117.6,33.7]: 1
[-117.6,33.8]: 363
[-117.6,33.9]: 289
[-117.6,34]: 231
[-117.6,34.1]: 350
[-117.6,34.4]: 2
[-117.6,34.5]: 1
[-117.6,34.6]: 2
[-117.5,33.2]: 41
[-117.5,33.3]: 7
[-117.5,33.7]: 31
[-117.5,33.8]: 142
[-117.5,33.9]: 617
[-117.5,34]: 320
[-117.5,34.1]: 160
[-117.5,34.2]: 1
[-117.5,34.3]: 2
[-117.5,34.4]: 2
[-117.5,34.5]: 22
[-117.5,34.6]: 1
[-117.5,34.7]: 1
[-117.5,36]: 1
[-117.4,33]: 1
[-117.4,33.1]: 129
[-117.4,33.2]: 247
[-117.4,33.3]: 28
[-117.4,33.5]: 1
[-117.4,33.6]: 125
[-117.4,33.7]: 29
[-117.4,33.8]: 33
[-117.4,33.9]: 418
[-117.4,34]: 284
[-117.4,34.1]: 185
[-117.4,34.2]: 2
[-117.4,34.4]: 24
[-117.4,34.5]: 140
[-117.4,34.6]: 2
[-117.4,35.7]: 1
[-117.4,36]: 1
[-117.3,32.6]: 80
[-117.3,32.7]: 90
[-117.3,32.8]: 543
[-117.3,32.9]: 208
[-117.3,33]: 89
[-117.3,33.1]: 163
[-117.3,33.2]: 277
[-117.3,33.3]: 112
[-117.3,33.4]: 6
[-117.3,33.5]: 111
[-117.3,33.6]: 111
[-117.3,33.7]: 112
[-117.3,33.8]: 254
[-117.3,33.9]: 350
[-117.3,34]: 133
[-117.3,34.1]: 189
[-117.3,34.3]: 1
[-117.3,34.4]: 42
[-117.3,34.5]: 9
[-117.3,34.6]: 3
[-117.3,34.8]: 1
[-117.3,36]: 1
[-117.2,32.5]: 3
[-117.2,32.6]: 194
[-117.2,32.7]: 363
[-117.2,32.8]: 340
[-117.2,32.9]: 415
[-117.2,33]: 73
[-117.2,33.1]: 263
[-117.2,33.2]: 1
[-117.2,33.3]: 20
[-117.2,33.4]: 63
[-117.2,33.5]: 536
[-117.2,33.6]: 87
[-117.2,33.7]: 46
[-117.2,33.8]: 78
[-117.2,33.9]: 75
[-117.2,34]: 47
[-117.2,34.1]: 4
[-117.2,34.2]: 1
[-117.2,34.4]: 2
[-117.2,34.5]: 3
[-117.2,34.6]: 1
[-117.1,32.5]: 441
[-117.1,32.6]: 651
[-117.1,32.7]: 578
[-117.1,32.8]: 122
[-117.1,32.9]: 296
[-117.1,33]: 185
[-117.1,33.1]: 357
[-117.1,33.2]: 10
[-117.1,33.4]: 63
[-117.1,33.5]: 47
[-117.1,33.6]: 10
[-117.1,33.7]: 70
[-117.1,33.8]: 3
[-117.1,33.9]: 51
[-117.1,34]: 62
[-117.1,34.3]: 1
[-117.1,34.4]: 2
[-117.1,34.8]: 3
[-117,32.5]: 103
[-117,32.6]: 221
[-117,32.7]: 392
[-117,32.8]: 284
[-117,32.9]: 5
[-117,33]: 11
[-117,33.1]: 1
[-117,33.6]: 2
[-117,33.7]: 191
[-117,33.8]: 11
[-117,33.9]: 4
[-117,34]: 2
[-117,34.2]: 1
[-116.9,32.6]: 1
[-116.9,32.7]: 7
[-116.9,32.8]: 17
[-116.9,32.9]: 5
[-116.9,33]: 4
[-116.9,33.7]: 21
[-116.9,33.9]: 31
[-116.9,34]: 1
[-116.9,34.2]: 4
[-116.9,34.4]: 1
[-116.9,34.5]: 1
[-116.9,35.5]: 1
[-116.8,32.8]: 41
[-116.8,32.9]: 1
[-116.8,33]: 10
[-116.8,33.7]: 2
[-116.8,33.9]: 1
[-116.8,34.4]: 1
[-116.8,35.2]: 27
[-116.7,33.8]: 1
[-116.7,33.9]: 1
[-116.7,34.4]: 1
[-116.7,35.2]: 44
[-116.6,33.1]: 1
[-116.6,33.2]: 1
[-116.6,33.3]: 1
[-116.6,33.8]: 24
[-116.6,33.9]: 5
[-116.6,34.3]: 1
[-116.6,36.2]: 1
[-116.5,32.7]: 1
[-116.5,33.7]: 11
[-116.5,33.8]: 20
[-116.5,33.9]: 12
[-116.5,34.1]: 2
[-116.4,32.6]: 2
[-116.4,32.7]: 1
[-116.4,32.8]: 1
[-116.4,33.6]: 17
[-116.4,33.7]: 134
[-116.4,33.8]: 2
[-116.4,34.2]: 1
[-116.3,32.6]: 1
[-116.3,33.6]: 74
[-116.3,33.7]: 246
[-116.3,34.1]: 2
[-116.3,34.2]: 1
[-116.2,33]: 1
[-116.2,33.1]: 1
[-116.2,33.5]: 40
[-116.2,33.6]: 163
[-116.2,33.7]: 3
[-116.2,33.8]: 1
[-116.2,34.1]: 1
[-116.2,35.8]: 1
[-116.1,33.3]: 1
[-116.1,33.5]: 42
[-116.1,34.1]: 3
[-116.1,34.2]: 31
[-116,32.7]: 1
[-116,33.2]: 1
[-116,33.3]: 1
[-116,33.5]: 1
[-116,35.1]: 1
[-116,35.9]: 1
[-115.9,34.1]: 1
[-115.9,35.9]: 1
[-115.8,32.7]: 7
[-115.8,32.8]: 53
[-115.7,33]: 1
[-115.7,33.4]: 1
[-115.6,32.7]: 41
[-115.6,32.8]: 23
[-115.6,32.9]: 41
[-115.6,33.2]: 1
[-115.5,32.6]: 20
[-115.5,32.7]: 3
[-115.5,32.8]: 2
[-115.5,33.1]: 60
[-115.5,34.9]: 1
[-115.4,32.7]: 1
[-115.4,32.8]: 11
[-115.3,33]: 1
[-115.3,35.2]: 1
[-115.2,34]: 1
[-115.2,34.6]: 1
[-115.2,35]: 1
[-115,33.5]: 130
[-114.9,34.6]: 1
[-114.8,33.5]: 1
[-114.7,33.2]: 1
[-114.7,33.5]: 1
[-114.6,32.7]: 1
[-114.6,32.8]: 1
[-114.6,33]: 1
[-114.6,33.6]: 3
[-114.6,34.1]: 1
[-114.5,34]: 1
[-114.5,34.1]: 1

mongo disaster --eval "var r = 0.01;" q2.js
5208801
5434574
5588701
5977884
6068815
7280021
7568906
8423018

mongo disaster --eval "var r = 0.5;" q2.js
5208801

mongo disaster --eval "var r = 30; var m = 4.5;" q3.js 
Apartments 1
FIXME: Business 5
FIXME: Unknown 1
Herrick_Memorial_Chapel 1
Long_Beach_Public_Library 1
Los_Angeles_County_Public_Library 1
Motel 2
Structure added, not on data, appears on satellite imagery 1
added building based on aerial images 3
apartmenta 1
apartments 172615
barn 11
bridge 5
bungalow 1
bunker 2
cabin 20
carport 270
cathedral 1
chapel 13
church 139
cistern 3
civic 290
club_house 2
clubhouse 3
college 426
commercial 29043
commerical 1
construction 61
container 1
control_tower 1
convenience 1
detached 599
dormitory 44
factory 710
farm_auxiliary 491
fidelity 1
field 1
fire station 1
fire_station 5
garage 4851
garages 741
gate 1
gatehouse 2
gazebo 4
government 2
grandstand 35
greenhouse 282
guardhouse 7
hangar 35
hospital 933
hotel 1993
house 1259262
house;yes 1
hut 16
industrial 26106
kindergarten 75
library 1
mall 7
manufacture 2
motel 2
museum 10
no 12
office 51
parking 184
pavilion 1
poolhouse 3
prison 9
proposed 2
public 51
public_building 1
repair_shops 1
residential 243289
residential;house 1
restroom 1
retail 33365
retail;apartments 1
retail;residential 2
roof 1522
ruins 67
s 1
school 6671
service 2
shed 1559
shelter 5
skyway 1
sports 1
sports_centre 1
stable 51
stadium 10
static_caravan 204
storage_tank 41
studio 2
synagogue 3
tank 3
temple 1
terrace 59
toilets 7
toll_booth 4
tower 18
train_station 7
transportation 9
tunnel 3
university 203
vacant 2
warehouse 13282
yes 131974
yes;apartments 3
yes;grandstand 1

mongo disaster --eval "var r = 10; var m = 3.5;" q3.js 
Apartments 1
Buiding 3
Building 3
Engine_house 2
FIXME: Business 3
FIXME: Unknown 9
Structure added, not on data, appears on satellite imagery 1
Tower 3
USU 1
apartments 89106
arena 1
barn 37
boathouse 2
bridge 8
building 3
bunker 20
cabin 10
carport 164
chapel 10
church 176
civic 81
collapsed 1
college 236
commercial 17006
commercial;house 1
commercial;yes 1
construction 57
convenience 1
convent 1
data_center 2
demolished 9
detached 140
distributor 3
dormitory 37
factory 475
farm 1
farm_auxiliary 314
feed barn 2
field 1
fire station 1
fire_station 1
garage 3321
garages 405
garbage_shed 1
grandstand 4
greenhouse 166
guardhouse 2
hangar 48
hanger 3
hospital 394
hotel 1242
house 879057
house; commercial 1
hut 34
industrial 16294
kindergarten 41
mall 7
manufacture 8
military 1
mortuary 2
mosque 1
motel 3
museum 8
no 14
office 44
paddock 1
parking 90
public 85
residential 153282
retail 18365
roof 1482
ruins 29
school 3575
service 30
shed 901
shedm 1
shelter 4
shipping_container 3
stable 125
stadium 7
static_caravan 160
storage_tank 53
studio 2
synagogue 2
tank 1
temple 1
terrace 89
toilets 5
tower 3
train_station 6
transportation 5
tunnel 3
university 185
warehouse 5823
yes 195187