[-124.2,40.4]: 1
[-124.2,40.6]: 1
[-124.2,40.7]: 11
[-124.2,41.7]: 1
[-124.1,40.4]: 1
[-124.1,40.5]: 1
[-124.1,40.6]: 1
[-124.1,40.7]: 15
[-124.1,40.9]: 1
[-124.1,41]: 1
[-124.1,41.5]: 1
[-124.1,41.7]: 1
[-124.1,41.8]: 40
[-124,40]: 1
[-124,40.4]: 2
[-124,40.6]: 2
[-124,40.8]: 34
[-124,40.9]: 8
[-124,41]: 3
[-124,41.9]: 1
[-123.9,40.1]: 1
[-123.9,40.9]: 1
[-123.9,41.2]: 1
[-123.9,41.4]: 1
[-123.9,41.6]: 1
[-123.9,41.8]: 1
[-123.8,39.4]: 1
[-123.8,40.1]: 1
[-123.8,40.8]: 1
[-123.8,41.4]: 1
[-123.8,41.8]: 1
[-123.7,39.3]: 1
[-123.7,39.4]: 1
[-123.7,39.5]: 2
[-123.7,40.1]: 1
[-123.7,41.1]: 1
[-123.6,39]: 1
[-123.6,39.4]: 1
[-123.6,39.6]: 1
[-123.6,41]: 1
[-123.6,41.1]: 1
[-123.6,41.4]: 1
[-123.6,41.6]: 1
[-123.5,38.7]: 1
[-123.5,40.4]: 2
[-123.5,41.9]: 1
[-123.4,39.3]: 1
[-123.4,39.5]: 1
[-123.4,39.7]: 1
[-123.4,40.3]: 1
[-123.3,39.3]: 1
[-123.3,39.4]: 2
[-123.3,39.6]: 1
[-123.3,39.9]: 1
[-123.3,40.5]: 1
[-123.2,38.7]: 1
[-123.2,39.1]: 10
[-123.2,39.2]: 3
[-123.2,39.4]: 1
[-123.2,39.7]: 1
[-123.2,39.8]: 1
[-123.1,38.6]: 1
[-123.1,38.9]: 1
[-123.1,39]: 1
[-123.1,39.2]: 1
[-123.1,39.6]: 1
[-123,38.4]: 1
[-123,38.7]: 2
[-123,38.8]: 1
[-123,40.2]: 1
[-123,41.8]: 1
[-122.9,38.3]: 1
[-122.9,38.6]: 2
[-122.9,38.7]: 1
[-122.9,38.8]: 1
[-122.9,41.5]: 3
[-122.8,38.4]: 3
[-122.8,38.5]: 14
[-122.8,38.6]: 1
[-122.8,38.8]: 1
[-122.8,38.9]: 1
[-122.8,39]: 1
[-122.8,39.1]: 1
[-122.8,39.5]: 1
[-122.8,40.6]: 1
[-122.8,40.7]: 1
[-122.7,37.9]: 1
[-122.7,38.3]: 17
[-122.7,38.4]: 143
[-122.7,38.5]: 11
[-122.7,38.8]: 3
[-122.7,39.1]: 1
[-122.6,38.1]: 1
[-122.6,38.2]: 24
[-122.6,38.3]: 66
[-122.6,38.4]: 17
[-122.6,38.5]: 1
[-122.6,38.8]: 2
[-122.6,39]: 2
[-122.6,39.3]: 1
[-122.6,41.2]: 1
[-122.6,41.3]: 1
[-122.6,41.7]: 1
[-122.6,41.9]: 1
[-122.5,37.7]: 2
[-122.5,37.8]: 21
[-122.5,37.9]: 97
[-122.5,38]: 96
[-122.5,38.1]: 21
[-122.5,38.2]: 11
[-122.5,38.4]: 1
[-122.5,38.9]: 1
[-122.5,39]: 1
[-122.5,39.3]: 3
[-122.5,40.1]: 1
[-122.5,40.3]: 1
[-122.5,41.8]: 1
[-122.4,37.4]: 11
[-122.4,37.5]: 4
[-122.4,37.6]: 218
[-122.4,37.7]: 434
[-122.4,37.8]: 22
[-122.4,37.9]: 64
[-122.4,38]: 8
[-122.4,38.1]: 1
[-122.4,38.2]: 1
[-122.4,38.3]: 1
[-122.4,38.5]: 2
[-122.4,40.4]: 1
[-122.4,40.5]: 2
[-122.4,40.6]: 11
[-122.4,40.9]: 1
[-122.3,37.5]: 23
[-122.3,37.7]: 92
[-122.3,37.8]: 55
[-122.3,37.9]: 104
[-122.3,38]: 4
[-122.3,38.2]: 34
[-122.3,38.3]: 9
[-122.3,38.9]: 1
[-122.3,39.9]: 1
[-122.3,40]: 1
[-122.3,40.3]: 11
[-122.3,40.4]: 1
[-122.3,40.5]: 23
[-122.3,40.6]: 23
[-122.3,41]: 1
[-122.3,41.3]: 1
[-122.3,41.4]: 1
[-122.2,37.1]: 1
[-122.2,37.4]: 33
[-122.2,37.5]: 142
[-122.2,37.7]: 129
[-122.2,37.8]: 177
[-122.2,37.9]: 32
[-122.2,38]: 64
[-122.2,38.1]: 36
[-122.2,38.2]: 21
[-122.2,38.3]: 10
[-122.2,39.3]: 1
[-122.2,39.6]: 1
[-122.2,39.8]: 1
[-122.2,39.9]: 1
[-122.2,40.1]: 1
[-122.2,40.2]: 1
[-122.2,40.3]: 11
[-122.2,40.4]: 3
[-122.2,40.7]: 1
[-122.2,41.2]: 1
[-122.1,37.1]: 1
[-122.1,37.3]: 14
[-122.1,37.4]: 183
[-122.1,37.5]: 3
[-122.1,37.6]: 105
[-122.1,37.7]: 102
[-122.1,37.8]: 62
[-122.1,37.9]: 7
[-122.1,38]: 46
[-122.1,38.2]: 1
[-122.1,38.4]: 1
[-122.1,39.2]: 1
[-122.1,39.3]: 1
[-122.1,39.7]: 1
[-122.1,39.9]: 1
[-122.1,40.3]: 10
[-122.1,40.5]: 2
[-122.1,41.7]: 1
[-122.1,41.8]: 1
[-122,36.9]: 2
[-122,37]: 24
[-122,37.1]: 2
[-122,37.2]: 30
[-122,37.3]: 344
[-122,37.4]: 23
[-122,37.5]: 204
[-122,37.6]: 272
[-122,37.7]: 33
[-122,37.8]: 67
[-122,37.9]: 257
[-122,38]: 3
[-122,38.1]: 1
[-122,38.2]: 58
[-122,38.3]: 8
[-122,38.4]: 1
[-122,38.6]: 3
[-122,39]: 1
[-122,39.3]: 1
[-122,39.7]: 2
[-122,39.8]: 1
[-122,41.5]: 1
[-121.9,36.5]: 6
[-121.9,36.6]: 26
[-121.9,36.9]: 32
[-121.9,37]: 10
[-121.9,37.1]: 2
[-121.9,37.2]: 157
[-121.9,37.3]: 391
[-121.9,37.4]: 204
[-121.9,37.5]: 236
[-121.9,37.6]: 1
[-121.9,37.7]: 122
[-121.9,37.8]: 101
[-121.9,37.9]: 18
[-121.9,38]: 32
[-121.9,38.2]: 13
[-121.9,38.3]: 146
[-121.9,38.5]: 10
[-121.9,38.6]: 1
[-121.9,38.8]: 1
[-121.9,40.2]: 3
[-121.9,40.9]: 1
[-121.9,41]: 1
[-121.9,41.9]: 2
[-121.8,36.6]: 37
[-121.8,36.9]: 1
[-121.8,37.2]: 352
[-121.8,37.3]: 530
[-121.8,37.4]: 70
[-121.8,37.6]: 55
[-121.8,37.7]: 149
[-121.8,37.8]: 20
[-121.8,37.9]: 22
[-121.8,38]: 21
[-121.8,38.1]: 1
[-121.8,38.2]: 1
[-121.8,38.3]: 1
[-121.8,38.4]: 2
[-121.8,39.3]: 2
[-121.8,39.6]: 1
[-121.8,39.7]: 147
[-121.8,40.1]: 1
[-121.8,41.9]: 1
[-121.7,36.4]: 6
[-121.7,36.5]: 9
[-121.7,36.6]: 75
[-121.7,36.8]: 12
[-121.7,36.9]: 38
[-121.7,37]: 3
[-121.7,37.2]: 107
[-121.7,37.3]: 20
[-121.7,37.6]: 5
[-121.7,37.7]: 10
[-121.7,37.8]: 3
[-121.7,37.9]: 23
[-121.7,38]: 11
[-121.7,38.4]: 1
[-121.7,38.5]: 265
[-121.7,38.6]: 82
[-121.7,38.8]: 1
[-121.7,39.2]: 1
[-121.7,39.3]: 1
[-121.7,39.6]: 1
[-121.7,39.7]: 13
[-121.7,41]: 1
[-121.7,41.1]: 1
[-121.7,41.2]: 1
[-121.6,36.5]: 16
[-121.6,36.6]: 253
[-121.6,36.7]: 137
[-121.6,36.8]: 16
[-121.6,37]: 17
[-121.6,37.1]: 16
[-121.6,37.6]: 1
[-121.6,37.8]: 12
[-121.6,37.9]: 14
[-121.6,38]: 1
[-121.6,38.5]: 6
[-121.6,39]: 1
[-121.6,39.1]: 57
[-121.6,39.3]: 3
[-121.6,39.4]: 1
[-121.6,39.6]: 1
[-121.6,39.7]: 1
[-121.6,40.8]: 1
[-121.5,36.7]: 1
[-121.5,36.9]: 10
[-121.5,37]: 32
[-121.5,37.1]: 18
[-121.5,37.7]: 1
[-121.5,37.8]: 1
[-121.5,37.9]: 1
[-121.5,38.4]: 12
[-121.5,38.5]: 105
[-121.5,38.6]: 80
[-121.5,39]: 1
[-121.5,39.1]: 21
[-121.5,39.5]: 13
[-121.5,39.6]: 1
[-121.5,39.8]: 1
[-121.5,39.9]: 1
[-121.5,40.7]: 1
[-121.5,40.9]: 1
[-121.4,36.4]: 5
[-121.4,36.5]: 7
[-121.4,36.7]: 1
[-121.4,37]: 1
[-121.4,37.2]: 1
[-121.4,37.6]: 10
[-121.4,37.7]: 53
[-121.4,37.9]: 1
[-121.4,38]: 1
[-121.4,38.2]: 11
[-121.4,38.3]: 9
[-121.4,38.4]: 145
[-121.4,38.5]: 258
[-121.4,38.6]: 80
[-121.4,39]: 5
[-121.4,39.4]: 1
[-121.4,39.5]: 1
[-121.4,39.6]: 1
[-121.4,39.7]: 1
[-121.4,40.1]: 1
[-121.4,40.7]: 1
[-121.4,41.5]: 1
[-121.4,41.7]: 1
[-121.4,41.9]: 1
[-121.3,36.4]: 121
[-121.3,36.7]: 1
[-121.3,36.8]: 11
[-121.3,36.9]: 1
[-121.3,37.7]: 52
[-121.3,37.8]: 10
[-121.3,37.9]: 143
[-121.3,38]: 126
[-121.3,38.3]: 11
[-121.3,38.4]: 44
[-121.3,38.5]: 113
[-121.3,38.6]: 114
[-121.3,38.7]: 117
[-121.3,38.8]: 101
[-121.3,39.4]: 2
[-121.3,39.5]: 1
[-121.3,39.6]: 2
[-121.3,40.5]: 1
[-121.3,41.8]: 1
[-121.2,36.3]: 1
[-121.2,36.6]: 1
[-121.2,36.7]: 1
[-121.2,37.7]: 23
[-121.2,37.8]: 50
[-121.2,37.9]: 24
[-121.2,38]: 30
[-121.2,38.1]: 5
[-121.2,38.3]: 1
[-121.2,38.5]: 53
[-121.2,38.6]: 133
[-121.2,38.7]: 135
[-121.2,38.8]: 120
[-121.2,39]: 1
[-121.2,39.1]: 3
[-121.2,40.2]: 2
[-121.2,40.3]: 1
[-121.2,40.7]: 1
[-121.2,41.2]: 1
[-121.1,36.2]: 22
[-121.1,37.4]: 3
[-121.1,37.7]: 7
[-121.1,37.8]: 14
[-121.1,37.9]: 7
[-121.1,38]: 13
[-121.1,38.6]: 201
[-121.1,38.7]: 27
[-121.1,38.8]: 4
[-121.1,38.9]: 32
[-121.1,39.1]: 7
[-121.1,39.2]: 2
[-121.1,39.6]: 1
[-121.1,40.5]: 1
[-121.1,40.7]: 1
[-121,35.5]: 3
[-121,35.8]: 1
[-121,36.1]: 1
[-121,37.3]: 2
[-121,37.5]: 1
[-121,37.6]: 27
[-121,37.7]: 6
[-121,37.8]: 1
[-121,38.2]: 1
[-121,38.4]: 6
[-121,38.5]: 5
[-121,38.6]: 31
[-121,38.7]: 5
[-121,38.8]: 3
[-121,38.9]: 1
[-121,39.1]: 2
[-121,39.2]: 13
[-121,39.7]: 1
[-121,39.9]: 1
[-121,40.3]: 1
[-121,40.4]: 1
[-121,40.5]: 1
[-121,40.7]: 1
[-121,41.1]: 1
[-120.9,37.2]: 1
[-120.9,37.3]: 1
[-120.9,37.5]: 32
[-120.9,37.6]: 97
[-120.9,37.7]: 1
[-120.9,37.9]: 1
[-120.9,38.1]: 2
[-120.9,38.2]: 1
[-120.9,38.3]: 60
[-120.9,38.5]: 1
[-120.9,38.6]: 2
[-120.9,39.1]: 1
[-120.9,39.3]: 1
[-120.9,39.9]: 1
[-120.9,41.2]: 1
[-120.9,41.5]: 1
[-120.8,35.2]: 3
[-120.8,35.3]: 21
[-120.8,35.8]: 1
[-120.8,35.9]: 2
[-120.8,36.8]: 1
[-120.8,37]: 21
[-120.8,37.3]: 2
[-120.8,37.4]: 2
[-120.8,37.5]: 41
[-120.8,37.6]: 1
[-120.8,37.7]: 1
[-120.8,38.1]: 2
[-120.8,38.5]: 8
[-120.8,38.6]: 4
[-120.8,38.7]: 1
[-120.8,38.8]: 1
[-120.8,38.9]: 1
[-120.8,39.5]: 1
[-120.8,40.2]: 1
[-120.8,40.5]: 1
[-120.8,40.6]: 1
[-120.8,40.9]: 1
[-120.8,41.3]: 1
[-120.7,35.1]: 1
[-120.7,35.2]: 5
[-120.7,35.4]: 1
[-120.7,35.5]: 2
[-120.7,35.7]: 1
[-120.7,36.1]: 1
[-120.7,36.9]: 1
[-120.7,37.2]: 2
[-120.7,37.5]: 1
[-120.7,38.3]: 1
[-120.7,38.4]: 1
[-120.7,38.5]: 1
[-120.7,38.7]: 1
[-120.7,39.3]: 1
[-120.7,39.7]: 1
[-120.7,40.1]: 1
[-120.7,40.2]: 2
[-120.7,40.4]: 1
[-120.7,40.6]: 1
[-120.7,40.9]: 1
[-120.6,34.7]: 1
[-120.6,35.1]: 3
[-120.6,35.2]: 65
[-120.6,35.3]: 152
[-120.6,35.4]: 11
[-120.6,35.6]: 15
[-120.6,36.6]: 1
[-120.6,37.9]: 1
[-120.6,38.3]: 1
[-120.6,38.8]: 1
[-120.6,38.9]: 1
[-120.6,39.3]: 1
[-120.6,40.3]: 1
[-120.6,40.8]: 1
[-120.6,41.9]: 1
[-120.5,34.6]: 27
[-120.5,34.9]: 20
[-120.5,35]: 3
[-120.5,35.1]: 2
[-120.5,35.4]: 1
[-120.5,36.6]: 2
[-120.5,37.3]: 52
[-120.5,37.4]: 1
[-120.5,37.8]: 41
[-120.5,37.9]: 2
[-120.5,38.1]: 1
[-120.5,38.7]: 3
[-120.5,39.3]: 3
[-120.5,39.9]: 1
[-120.5,40.2]: 1
[-120.5,40.3]: 5
[-120.5,40.4]: 87
[-120.5,40.5]: 1
[-120.5,40.9]: 1
[-120.5,41]: 1
[-120.5,41.4]: 1
[-120.5,41.5]: 1
[-120.4,34.6]: 44
[-120.4,34.8]: 13
[-120.4,34.9]: 43
[-120.4,35]: 1
[-120.4,35.6]: 1
[-120.4,36.5]: 1
[-120.4,36.8]: 10
[-120.4,37.2]: 80
[-120.4,37.3]: 74
[-120.4,37.9]: 1
[-120.4,38.1]: 2
[-120.4,38.2]: 1
[-120.4,38.4]: 1
[-120.4,39]: 1
[-120.4,39.3]: 1
[-120.4,39.8]: 3
[-120.4,41.1]: 1
[-120.3,35.4]: 1
[-120.3,35.5]: 1
[-120.3,35.6]: 1
[-120.3,36.1]: 1
[-120.3,36.2]: 4
[-120.3,36.7]: 20
[-120.3,36.8]: 1
[-120.3,36.9]: 1
[-120.3,37]: 2
[-120.3,37.6]: 1
[-120.3,37.8]: 1
[-120.3,38.2]: 1
[-120.3,38.5]: 1
[-120.3,38.9]: 1
[-120.3,39.2]: 1
[-120.3,40.2]: 1
[-120.3,40.3]: 1
[-120.2,34.7]: 1
[-120.2,34.8]: 1
[-120.2,36.1]: 80
[-120.2,36.3]: 1
[-120.2,36.5]: 1
[-120.2,37]: 1
[-120.2,37.1]: 23
[-120.2,37.8]: 1
[-120.2,38]: 1
[-120.2,38.3]: 1
[-120.2,38.8]: 1
[-120.2,39.3]: 1
[-120.2,39.5]: 1
[-120.2,39.6]: 1
[-120.2,41.8]: 1
[-120.1,34.5]: 1
[-120.1,34.6]: 1
[-120.1,34.7]: 1
[-120.1,34.9]: 1
[-120.1,35.9]: 90
[-120.1,36]: 3
[-120.1,36.5]: 1
[-120.1,36.9]: 2
[-120.1,37]: 68
[-120.1,37.1]: 44
[-120.1,37.4]: 1
[-120.1,37.7]: 1
[-120.1,38]: 1
[-120.1,39.3]: 1
[-120.1,39.6]: 2
[-120.1,39.8]: 1
[-120.1,40.1]: 8
[-120,34.4]: 2
[-120,34.6]: 1
[-120,35.2]: 1
[-120,35.6]: 2
[-120,36]: 2
[-120,36.1]: 2
[-120,36.2]: 10
[-120,36.3]: 1
[-120,36.4]: 1
[-120,36.7]: 2
[-120,36.8]: 1
[-120,36.9]: 101
[-120,37]: 2
[-120,38.2]: 1
[-120,38.8]: 1
[-120,38.9]: 12
[-120,39.2]: 10
[-120,40.1]: 3
[-119.9,35.3]: 1
[-119.9,35.9]: 1
[-119.9,36.7]: 1
[-119.9,36.8]: 1
[-119.9,37]: 1
[-119.9,37.4]: 1
[-119.9,38.9]: 2
[-119.8,34.4]: 171
[-119.8,35]: 1
[-119.8,35.8]: 1
[-119.8,36.1]: 1
[-119.8,36.2]: 23
[-119.8,36.3]: 4
[-119.8,36.7]: 140
[-119.8,36.8]: 82
[-119.8,37.5]: 1
[-119.8,38.2]: 1
[-119.7,34.4]: 93
[-119.7,34.5]: 1
[-119.7,35.3]: 1
[-119.7,35.7]: 1
[-119.7,36.2]: 1
[-119.7,36.3]: 12
[-119.7,36.6]: 5
[-119.7,36.7]: 260
[-119.7,36.8]: 294
[-119.6,34.4]: 43
[-119.6,35.3]: 2
[-119.6,35.5]: 2
[-119.6,36.3]: 24
[-119.6,36.4]: 1
[-119.6,36.5]: 20
[-119.6,36.8]: 1
[-119.6,37.3]: 28
[-119.6,37.4]: 1
[-119.6,37.7]: 1
[-119.5,34.4]: 1
[-119.5,35]: 1
[-119.5,35.5]: 1
[-119.5,35.6]: 1
[-119.5,36]: 181
[-119.5,36.5]: 3
[-119.5,36.6]: 41
[-119.5,36.7]: 1
[-119.5,37.3]: 2
[-119.5,37.7]: 1
[-119.4,34.3]: 1
[-119.4,35.1]: 2
[-119.4,35.4]: 1
[-119.4,35.5]: 90
[-119.4,36.3]: 1
[-119.4,36.5]: 12
[-119.4,36.6]: 23
[-119.4,36.7]: 1
[-119.4,37]: 1
[-119.3,34.2]: 8
[-119.3,34.3]: 11
[-119.3,35]: 1
[-119.3,35.1]: 41
[-119.3,35.2]: 2
[-119.3,35.5]: 11
[-119.3,35.7]: 150
[-119.3,36]: 1
[-119.3,36.1]: 10
[-119.3,36.2]: 17
[-119.3,36.3]: 21
[-119.3,36.4]: 20
[-119.3,36.5]: 14
[-119.3,36.6]: 11
[-119.3,36.7]: 1
[-119.2,34.1]: 3
[-119.2,34.2]: 106
[-119.2,34.3]: 18
[-119.2,34.4]: 4
[-119.2,35.4]: 3
[-119.2,35.5]: 1
[-119.2,35.6]: 30
[-119.2,35.7]: 71
[-119.2,35.9]: 1
[-119.2,36.3]: 7
[-119.2,36.5]: 10
[-119.1,34.1]: 34
[-119.1,34.2]: 74
[-119.1,34.3]: 4
[-119.1,34.8]: 1
[-119.1,35]: 1
[-119.1,35.2]: 14
[-119.1,35.3]: 42
[-119.1,35.4]: 1
[-119.1,35.5]: 14
[-119.1,35.6]: 1
[-119.1,35.9]: 1
[-119.1,36.1]: 1
[-119.1,36.2]: 2
[-119.1,36.3]: 1
[-119,34.2]: 71
[-119,34.3]: 31
[-119,34.5]: 1
[-119,34.7]: 2
[-119,35]: 2
[-119,35.2]: 49
[-119,35.3]: 222
[-119,35.4]: 9
[-119,35.5]: 6
[-119,36]: 2
[-119,36.1]: 3
[-119,36.2]: 2
[-119,36.4]: 1
[-119,36.8]: 1
[-119,37.6]: 1
[-118.9,34.1]: 105
[-118.9,34.2]: 46
[-118.9,34.3]: 1
[-118.9,34.4]: 1
[-118.9,34.8]: 1
[-118.9,35]: 1
[-118.9,35.2]: 13
[-118.9,35.3]: 104
[-118.9,35.4]: 42
[-118.9,35.5]: 1
[-118.9,35.6]: 1
[-118.9,36.7]: 1
[-118.9,37.3]: 1
[-118.9,37.6]: 6
[-118.9,37.7]: 2
[-118.8,34]: 2
[-118.8,34.1]: 127
[-118.8,34.2]: 141
[-118.8,34.3]: 16
[-118.8,34.4]: 1
[-118.8,34.9]: 1
[-118.8,35]: 1
[-118.8,35.1]: 12
[-118.8,35.2]: 2
[-118.8,35.3]: 5
[-118.8,35.4]: 17
[-118.8,35.9]: 1
[-118.8,36.4]: 1
[-118.8,37.6]: 1
[-118.7,34]: 2
[-118.7,34.1]: 81
[-118.7,34.2]: 110
[-118.7,34.3]: 1
[-118.7,34.7]: 1
[-118.7,35.1]: 1
[-118.7,35.2]: 1
[-118.7,36.1]: 1
[-118.7,36.6]: 1
[-118.7,37.5]: 2
[-118.6,34.1]: 114
[-118.6,34.2]: 163
[-118.6,34.3]: 15
[-118.6,34.4]: 104
[-118.6,34.5]: 8
[-118.6,34.7]: 1
[-118.6,35.5]: 1
[-118.6,37.5]: 1
[-118.5,34]: 34
[-118.5,34.1]: 345
[-118.5,34.2]: 547
[-118.5,34.3]: 204
[-118.5,34.4]: 287
[-118.5,34.8]: 1
[-118.5,34.9]: 1
[-118.5,35.1]: 91
[-118.5,35.2]: 2
[-118.5,37.2]: 1
[-118.4,33.7]: 10
[-118.4,33.8]: 1
[-118.4,33.9]: 320
[-118.4,34]: 461
[-118.4,34.1]: 534
[-118.4,34.2]: 1108
[-118.4,34.3]: 124
[-118.4,34.4]: 136
[-118.4,34.7]: 2
[-118.4,34.8]: 2
[-118.4,35.1]: 1
[-118.4,35.6]: 4
[-118.4,37.3]: 2
[-118.3,33.7]: 133
[-118.3,33.8]: 178
[-118.3,33.9]: 389
[-118.3,34]: 417
[-118.3,34.1]: 321
[-118.3,34.2]: 215
[-118.3,34.4]: 1
[-118.3,34.6]: 2
[-118.3,34.8]: 2
[-118.3,34.9]: 1
[-118.3,35.6]: 1
[-118.3,35.9]: 1
[-118.3,37.2]: 1
[-118.3,37.3]: 2
[-118.3,37.4]: 1
[-118.2,33.7]: 20
[-118.2,33.8]: 193
[-118.2,33.9]: 196
[-118.2,34]: 1166
[-118.2,34.1]: 254
[-118.2,34.2]: 29
[-118.2,34.3]: 1
[-118.2,34.5]: 5
[-118.2,34.6]: 48
[-118.2,34.7]: 36
[-118.2,34.8]: 1
[-118.2,34.9]: 1
[-118.2,35.1]: 2
[-118.2,36.8]: 1
[-118.2,37]: 1
[-118.1,33.7]: 108
[-118.1,33.8]: 320
[-118.1,33.9]: 493
[-118.1,34]: 263
[-118.1,34.1]: 129
[-118.1,34.2]: 8
[-118.1,34.5]: 30
[-118.1,34.6]: 24
[-118.1,34.7]: 12
[-118.1,34.8]: 4
[-118.1,34.9]: 2
[-118.1,35]: 1
[-118.1,35.1]: 1
[-118.1,37.1]: 1
[-118,33.6]: 2
[-118,33.7]: 131
[-118,33.8]: 432
[-118,33.9]: 116
[-118,34]: 399
[-118,34.1]: 101
[-118,34.5]: 46
[-118,35.1]: 1
[-118,36.6]: 1
[-117.9,33.6]: 272
[-117.9,33.7]: 628
[-117.9,33.8]: 612
[-117.9,33.9]: 215
[-117.9,34]: 226
[-117.9,34.1]: 76
[-117.9,34.5]: 1
[-117.9,34.6]: 2
[-117.9,34.7]: 2
[-117.9,34.9]: 1
[-117.9,35]: 1
[-117.9,35.1]: 5
[-117.9,35.5]: 2
[-117.8,33.5]: 4
[-117.8,33.6]: 405
[-117.8,33.7]: 782
[-117.8,33.8]: 348
[-117.8,33.9]: 124
[-117.8,34]: 113
[-117.8,34.1]: 33
[-117.8,34.3]: 1
[-117.8,34.5]: 1
[-117.8,34.6]: 1
[-117.8,35]: 1
[-117.8,35.1]: 44
[-117.8,35.6]: 1
[-117.8,35.7]: 1
[-117.7,33.4]: 1
[-117.7,33.5]: 267
[-117.7,33.6]: 208
[-117.7,33.7]: 253
[-117.7,33.8]: 111
[-117.7,33.9]: 137
[-117.7,34]: 260
[-117.7,34.1]: 36
[-117.7,34.5]: 3
[-117.7,35]: 1
[-117.7,35.6]: 2
[-117.7,35.7]: 1
[-117.7,37.1]: 1
[-117.6,33.4]: 48
[-117.6,33.5]: 365
[-117.6,33.6]: 252
[-117.6,33.7]: 7
[-117.6,33.8]: 76
[-117.6,33.9]: 157
[-117.6,34]: 475
[-117.6,34.1]: 98
[-117.6,34.3]: 3
[-117.6,34.4]: 4
[-117.6,35.1]: 1
[-117.6,35.3]: 1
[-117.6,35.5]: 1
[-117.6,35.6]: 5
[-117.6,35.8]: 1
[-117.6,35.9]: 1
[-117.5,33.3]: 53
[-117.5,33.4]: 93
[-117.5,33.5]: 1
[-117.5,33.6]: 32
[-117.5,33.7]: 2
[-117.5,33.8]: 357
[-117.5,33.9]: 287
[-117.5,34]: 233
[-117.5,34.1]: 348
[-117.5,34.3]: 2
[-117.5,34.4]: 3
[-117.5,34.5]: 1
[-117.5,34.6]: 2
[-117.4,33.2]: 40
[-117.4,33.3]: 5
[-117.4,33.7]: 30
[-117.4,33.8]: 143
[-117.4,33.9]: 621
[-117.4,34]: 321
[-117.4,34.1]: 160
[-117.4,34.2]: 1
[-117.4,34.3]: 2
[-117.4,34.4]: 2
[-117.4,34.5]: 22
[-117.4,34.6]: 1
[-117.4,34.7]: 1
[-117.4,36]: 1
[-117.3,33]: 1
[-117.3,33.1]: 137
[-117.3,33.2]: 246
[-117.3,33.3]: 23
[-117.3,33.5]: 1
[-117.3,33.6]: 124
[-117.3,33.7]: 30
[-117.3,33.8]: 33
[-117.3,33.9]: 414
[-117.3,34]: 285
[-117.3,34.1]: 183
[-117.3,34.2]: 2
[-117.3,34.4]: 26
[-117.3,34.5]: 139
[-117.3,34.6]: 2
[-117.3,35.7]: 1
[-117.3,36]: 1
[-117.2,32.6]: 80
[-117.2,32.7]: 92
[-117.2,32.8]: 538
[-117.2,32.9]: 207
[-117.2,33]: 85
[-117.2,33.1]: 167
[-117.2,33.2]: 273
[-117.2,33.3]: 112
[-117.2,33.4]: 6
[-117.2,33.5]: 111
[-117.2,33.6]: 106
[-117.2,33.7]: 116
[-117.2,33.8]: 253
[-117.2,33.9]: 347
[-117.2,34]: 130
[-117.2,34.1]: 189
[-117.2,34.3]: 1
[-117.2,34.4]: 38
[-117.2,34.5]: 13
[-117.2,34.6]: 2
[-117.2,34.8]: 1
[-117.2,36]: 1
[-117.1,32.5]: 3
[-117.1,32.6]: 195
[-117.1,32.7]: 370
[-117.1,32.8]: 339
[-117.1,32.9]: 412
[-117.1,33]: 70
[-117.1,33.1]: 262
[-117.1,33.2]: 1
[-117.1,33.3]: 20
[-117.1,33.4]: 63
[-117.1,33.5]: 536
[-117.1,33.6]: 86
[-117.1,33.7]: 48
[-117.1,33.8]: 84
[-117.1,33.9]: 73
[-117.1,34]: 49
[-117.1,34.1]: 4
[-117.1,34.2]: 1
[-117.1,34.4]: 2
[-117.1,34.5]: 3
[-117.1,34.6]: 1
[-117,32.5]: 440
[-117,32.6]: 649
[-117,32.7]: 577
[-117,32.8]: 129
[-117,32.9]: 296
[-117,33]: 183
[-117,33.1]: 360
[-117,33.2]: 10
[-117,33.4]: 64
[-117,33.5]: 46
[-117,33.6]: 10
[-117,33.7]: 66
[-117,33.8]: 3
[-117,33.9]: 51
[-117,34]: 62
[-117,34.3]: 1
[-117,34.4]: 2
[-117,34.8]: 3
[-116.9,32.5]: 104
[-116.9,32.6]: 220
[-116.9,32.7]: 395
[-116.9,32.8]: 283
[-116.9,32.9]: 5
[-116.9,33]: 10
[-116.9,33.1]: 1
[-116.9,33.6]: 2
[-116.9,33.7]: 193
[-116.9,33.8]: 14
[-116.9,33.9]: 4
[-116.9,34]: 2
[-116.9,34.2]: 1
[-116.8,32.6]: 1
[-116.8,32.7]: 8
[-116.8,32.8]: 17
[-116.8,32.9]: 5
[-116.8,33]: 4
[-116.8,33.7]: 20
[-116.8,33.9]: 31
[-116.8,34]: 1
[-116.8,34.2]: 4
[-116.8,34.4]: 1
[-116.8,34.5]: 1
[-116.8,35.5]: 1
[-116.7,32.8]: 41
[-116.7,32.9]: 1
[-116.7,33]: 10
[-116.7,33.7]: 2
[-116.7,33.9]: 1
[-116.7,34.4]: 1
[-116.7,35.2]: 26
[-116.6,33.8]: 1
[-116.6,33.9]: 1
[-116.6,34.4]: 1
[-116.6,35.2]: 45
[-116.5,33.1]: 2
[-116.5,33.3]: 1
[-116.5,33.8]: 24
[-116.5,33.9]: 5
[-116.5,34.3]: 1
[-116.5,36.2]: 1
[-116.4,32.7]: 1
[-116.4,33.7]: 11
[-116.4,33.8]: 20
[-116.4,33.9]: 12
[-116.4,34.1]: 2
[-116.3,32.6]: 2
[-116.3,32.7]: 1
[-116.3,32.8]: 1
[-116.3,33.6]: 18
[-116.3,33.7]: 133
[-116.3,33.8]: 2
[-116.3,34.2]: 1
[-116.2,32.6]: 1
[-116.2,33.6]: 75
[-116.2,33.7]: 246
[-116.2,34.1]: 2
[-116.2,34.2]: 1
[-116.1,33]: 1
[-116.1,33.1]: 1
[-116.1,33.5]: 39
[-116.1,33.6]: 164
[-116.1,33.7]: 1
[-116.1,33.8]: 1
[-116.1,34.1]: 1
[-116.1,35.8]: 1
[-116,33.3]: 1
[-116,33.5]: 43
[-116,34.1]: 3
[-116,34.2]: 31
[-115.9,32.7]: 1
[-115.9,33.2]: 1
[-115.9,33.3]: 1
[-115.9,33.5]: 1
[-115.9,35.2]: 1
[-115.9,35.9]: 1
[-115.8,34.1]: 1
[-115.8,35.9]: 1
[-115.7,32.7]: 3
[-115.7,32.8]: 57
[-115.6,33]: 1
[-115.6,33.4]: 1
[-115.5,32.7]: 41
[-115.5,32.8]: 23
[-115.5,32.9]: 41
[-115.5,33.2]: 1
[-115.4,32.6]: 20
[-115.4,32.7]: 3
[-115.4,32.8]: 2
[-115.4,33.1]: 60
[-115.4,34.9]: 1
[-115.3,32.7]: 1
[-115.3,32.8]: 11
[-115.2,33]: 1
[-115.2,35.2]: 1
[-115.1,34]: 1
[-115.1,34.6]: 1
[-115.1,35]: 1
[-114.9,33.5]: 130
[-114.8,34.6]: 1
[-114.7,33.5]: 1
[-114.6,33.2]: 1
[-114.6,33.5]: 1
[-114.5,32.7]: 1
[-114.5,32.8]: 1
[-114.5,33]: 1
[-114.5,33.6]: 3
[-114.5,34.1]: 1
[-114.4,34]: 1
[-114.4,34.1]: 1